train_rl2,test_rl2
0.932607963681221,0.7582737803459167
0.5483764708042145,0.4399438723921776
0.3635024782270193,0.2913060635328293
0.22245734557509422,0.1685463935136795
0.1346467100083828,0.12281530909240246
0.09720988152548671,0.08698270842432976
0.08007766120135784,0.0796158742159605
0.07419233862310648,0.07270235382020473
0.06975680310279131,0.07023687660694122
0.06867241580039263,0.08870589546859264
0.07395542389713228,0.069792740046978
0.07018137187696993,0.0671156533062458
0.06564948032610118,0.058961293660104275
0.053831981495022774,0.051969410851597786
0.05103395483456552,0.0521555170416832
0.04529485106468201,0.044540307484567165
0.041537668788805604,0.042861148715019226
0.040053827688097954,0.04054024629294872
0.04970717919059098,0.07707183808088303
0.05841974355280399,0.0547601543366909
0.05256524751894176,0.05114281177520752
0.05029694642871618,0.05619447026401758
0.04992017918266356,0.051158773712813854
0.04781386465765536,0.050901951268315315
0.046519263880327344,0.0541150588542223
0.046505891252309084,0.046990418806672096
0.045112380757927895,0.0463033402338624
0.04506166698411107,0.04365713428705931
0.04412355646491051,0.047609301283955574
0.04392537963576615,0.0427313344553113
0.043509809067472816,0.043768648989498615
0.042873215628787875,0.045246297493577003
0.04260085499845445,0.045372966676950455
0.043060605181381106,0.04003720171749592
0.041730486089363694,0.04431908577680588
0.04174115997739136,0.045779874548316
0.042120771715417504,0.04649430979043245
0.0419773671310395,0.04249563906341791
0.04200794990174472,0.037684736773371696
0.04033413901925087,0.04006084054708481
0.04070875211618841,0.044025687500834465
0.04121518600732088,0.039663578383624554
0.04026117664761841,0.0407379437237978
0.04042236623354256,0.040659463964402676
0.03987528081052005,0.04121051635593176
0.038640411803498864,0.042519720271229744
0.03990230802446604,0.03975836560130119
0.039167223032563925,0.04636577796190977
0.04064193135127425,0.038614632561802864
0.03925553779117763,0.0409542890265584
0.0397030187305063,0.038646576926112175
0.03916762047447264,0.041041926480829716
0.03898755647242069,0.039487565867602825
0.03827469830866903,0.044061473570764065
0.039181221975013614,0.036547254770994186
0.03746121423318982,0.04300818592309952
0.038728100480511785,0.03936929348856211
0.03775101900100708,0.041623931378126144
0.03759138798341155,0.039642468094825745
0.03753439895808697,0.04079638049006462
0.03785731643438339,0.03977599833160639
0.03761568735353649,0.03527637105435133
0.036754181142896414,0.04099398571997881
0.0373202107148245,0.03820029180496931
0.03674343612510711,0.03832230344414711
0.03667274641338736,0.039809973910450935
0.03667338495142758,0.038814482279121876
0.036143493140116334,0.03980270866304636
0.035582668031565845,0.036480601876974106
0.03420142689719796,0.0323772095143795
0.03065666218753904,0.03518142830580473
0.030368481297045946,0.031012192834168673
0.02894750761333853,0.034613799303770065
0.030576692544855177,0.030860865954309702
0.02838283043820411,0.028775383718311787
0.028392384760081768,0.02561698155477643
0.028492670855484903,0.03426638524979353
0.027059690444730222,0.02826232695952058
0.024225265718996525,0.02512754173949361
0.02392920188140124,0.0241797911003232
0.02331597951706499,0.025533737149089575
0.024199980427511036,0.02744612004607916
0.0242071672109887,0.02384767448529601
0.024206305504776537,0.024453301448374987
0.02479963144287467,0.028637932613492012
0.027357988408766687,0.024690611753612757
0.026468156604096293,0.023850250523537397
0.02765304152853787,0.031173115596175194
0.027665489353239536,0.02637486858293414
0.024154110345989466,0.02528481464833021
0.02442389924544841,0.02557453140616417
0.02438088145572692,0.023924641776829958
0.02376384218223393,0.02602339442819357
0.02386866183951497,0.02354158740490675
0.02488584630191326,0.02710296493023634
0.023730904911644757,0.02368970401585102
0.023417464923113585,0.02579475101083517
0.02321290271356702,0.024852325208485126
0.02354078646749258,0.02255137450993061
0.02292701869737357,0.025030952412635088
0.022647493868134916,0.023173410911113024
0.024460198474116623,0.024081284180283546
0.024706047610379755,0.026185058057308197
0.03464195632841438,0.03612643387168646
0.0306627081008628,0.02288319868966937
0.02584710333030671,0.026874438859522343
0.024131576530635357,0.02687604073435068
0.023816977394744754,0.02334842924028635
0.023621990345418453,0.022551707457751036
0.02212694229092449,0.022987630683928728
0.023362276260741055,0.02609994914382696
0.02320774330291897,0.024170035030692816
0.023278806824237108,0.023237728513777256
0.02262960933148861,0.022846104111522436
0.02329652663320303,0.023659787606447935
0.0234277683775872,0.022028698585927486
0.022805141983553767,0.021882042288780212
0.021987691521644592,0.021820890251547098
0.022190944873727858,0.02242701081559062
0.02203341608401388,0.024301552213728428
0.0222753812558949,0.026317071169614792
0.02255682833492756,0.024498145561665297
0.02447617647703737,0.02598742116242647
0.028605873812921345,0.03263493720442057
0.022940692491829395,0.023157226853072643
0.022100949310697615,0.02160633634775877
0.022084956988692284,0.02308015339076519
0.025416377931833267,0.030944389756768942
0.027857924811542034,0.03238388989120722
0.030092240078374743,0.026835094671696424
0.028853532508946955,0.02537351194769144
0.02491282718256116,0.023650412913411856
0.022247322485782206,0.021714049391448498
0.021619607461616397,0.02214192133396864
0.021023531444370747,0.021811239887028933
0.021107525564730167,0.021646687760949135
0.020665236981585622,0.0215344182215631
0.020646027172915637,0.021315697114914656
0.020917313639074564,0.021896511781960726
0.021196513785980642,0.024177807848900557
0.022239059791900218,0.022021399345248938
0.02175977290607989,0.02208140306174755
0.02160720422398299,0.023669193498790264
0.021614648052491248,0.023016166407614946
0.02131824125535786,0.021352036390453577
0.02094888419378549,0.022646442987024784
0.022833930444903672,0.03937128745019436
0.0265834319870919,0.02465033531188965
0.022447899798862636,0.021719756070524454
0.020983384805731475,0.021831910591572523
0.021105991443619132,0.021057284902781248
0.02074799337424338,0.021192552521824837
0.020760016050189734,0.02120946440845728
0.020956884254701436,0.02105819433927536
0.020245179068297148,0.020953083876520395
0.02026057569310069,0.021587831899523735
0.021101934020407498,0.02204848174005747
0.021053018397651613,0.02118909126147628
0.020611718762665987,0.02060237992554903
0.02076977293472737,0.02125230897217989
0.021503768861293793,0.02218317100778222
0.02169170300476253,0.022535402793437243
0.02071951434481889,0.022115446627140045
0.020521539612673223,0.02129115490242839
0.020157205290161073,0.021364723332226276
0.020062383264303207,0.020738078746944666
0.020062116906046867,0.020938836503773928
0.020293861627578735,0.020500902086496353
0.020719760563224554,0.024136236403137445
0.026569570880383253,0.02563425386324525
0.025498794740997255,0.024568780791014433
0.02158082718960941,0.02185158571228385
0.020904462784528732,0.02165427152067423
0.021011033561080694,0.021155026275664568
0.0205692988820374,0.020765028428286314
0.021411754889413714,0.02272510388866067
0.021004574606195092,0.023462290409952402
0.02009553590323776,0.020630772225558758
0.019753017113544047,0.02040386199951172
0.019936797907575965,0.020555973518639803
0.019945387262851,0.020362766925245523
0.020306970342062414,0.020742389373481274
0.019827936892397702,0.020376425236463547
0.01967685471754521,0.020567780826240778
0.019962547696195543,0.021446622908115387
0.021806141710840166,0.025240122340619564
0.023037103936076164,0.030119096860289574
0.024432295351289213,0.02637652074918151
0.02426463703159243,0.024738934356719255
0.02249796991236508,0.021356189623475075
0.021031412295997143,0.023433299735188484
0.023508259211666882,0.024429790675640106
0.022341332864016294,0.024958902038633823
0.02178071322850883,0.021410212386399508
0.02007270883768797,0.02138453582301736
0.02021966758184135,0.020509660243988037
0.020038683898746967,0.020444949623197317
0.01960947026964277,0.02048119204118848
0.01949566532857716,0.020165496040135622
0.0195321534993127,0.0201332475990057
0.01949044573120773,0.02024662308394909
0.019516902044415474,0.020081964787095785
0.01947388146072626,0.020164137706160545
0.019410143373534083,0.020071210339665413
0.01947345375083387,0.0201494125649333
0.01943780272267759,0.02009051712229848
0.01945360319223255,0.02077001053839922
0.01969251420814544,0.02009452786296606
0.019790085963904858,0.021045338828116655
0.020750736817717552,0.020521738100796938
0.02010445191990584,0.021105504129081964
0.020548461587168276,0.02193875005468726
0.02036542003042996,0.021533630788326263
0.01985662628430873,0.020543383434414864
0.01975518953986466,0.020111122634261847
0.01950964832212776,0.021095113828778267
0.019697127980180085,0.020141853485256433
0.019726133905351162,0.02036364283412695
0.02195568010210991,0.029965153895318508
0.021758531569503248,0.020283758640289307
0.019779533031396568,0.020584250334650278
0.020332569372840226,0.02032321970909834
0.019640302169136703,0.021030249539762735
0.02040511043742299,0.021524345502257347
0.020035237539559603,0.023106043227016926
0.020323931938037276,0.020084521267563105
0.01953199680428952,0.02001873403787613
0.019312922609969974,0.02001465018838644
0.019287718110717833,0.019988301675766706
0.01925168710295111,0.019988123327493668
0.019290813128463924,0.0199850806966424
0.019286567228846252,0.019989582244306803
0.01928429096005857,0.019984394777566195
0.019289748510345817,0.019982915837317705
0.019254689919762313,0.01998569956049323
0.01924109400715679,0.01997968088835478
0.019251069519668818,0.019984121434390545
0.019247077172622085,0.019982030149549246
0.019276430015452206,0.01998026203364134
0.01922608749009669,0.019984562881290913
0.019230279722250998,0.01998272491618991
0.019232720718719065,0.019981879275292158
0.019277453771792352,0.01998194120824337
0.019235035637393594,0.01997617958113551
0.019281888380646706,0.019979843869805336
0.019225226365961134,0.01997633185237646
0.01922074903268367,0.019980470184236765
0.01927225652616471,0.019976366311311722
0.019217770313844085,0.019977372139692307
0.01925895910244435,0.019979444798082113
0.019216591375879943,0.019973053131252527
0.019288451876491308,0.019975776318460703
0.019209868391044438,0.019975699950009584
0.019249085802584887,0.019974963273853064
0.019299453822895885,0.019972088281065226
0.01927469775546342,0.0199713003821671
0.01923202828038484,0.019977929536253214
0.019232648541219532,0.019972688052803278
0.01925142656546086,0.019970578607171774
0.01921112579293549,0.01997596165165305
0.019297639839351177,0.019969754852354527
0.019240882946178317,0.019970903173089027
0.019248571363277733,0.01997050829231739
0.01919511950109154,0.01996765797957778
0.019185688463039696,0.01997308013960719
0.01922884746454656,0.019971579778939486
0.01923871017061174,0.019971600268036127
0.019299490144476295,0.019966180436313152
0.01925223763100803,0.01996940467506647
0.019295563572086394,0.01996747124940157
0.019245630130171776,0.01996989967301488
0.019289998104795814,0.019963841419667006
0.01924193452578038,0.01997170550748706
0.019218212575651705,0.01996471080929041
0.01923873438499868,0.019967038184404373
0.019195624510757625,0.019970633555203676
0.019240058958530426,0.01996311591938138
0.019257353153079748,0.019964356906712055
0.01926262059714645,0.019973771180957556
0.01923605683259666,0.019962866324931383
0.019287622068077326,0.01996039180085063
0.019247650634497404,0.01996895344927907
0.01925149478483945,0.019968665204942226
0.01928235264495015,0.019973070826381445
0.019234977662563324,0.019961330108344555
0.019201837945729494,0.01996584516018629
0.01925809308886528,0.019960103556513786
0.019256899366155267,0.01995815895497799
0.019296601880341768,0.019960568752139807
0.019217997672967613,0.019961656536906958
0.01928051863797009,0.0199581952765584
0.01929266646038741,0.019958607386797667
0.01923549931962043,0.01995285553857684
0.01924058492295444,0.01996102463454008
0.0192475343355909,0.0199571973644197
0.0192296807654202,0.019971102941781282
0.019237226457335055,0.019954836927354336
0.019187531899660826,0.019952365197241306
0.019218432833440602,0.01995966024696827
0.019232657738029957,0.019955182448029518
0.019223389797843993,0.01995102083310485
0.019236740306951106,0.019955033902078867
0.01922790054231882,0.019960619509220123
0.01923819025978446,0.019951210357248783
0.01925634639337659,0.019950449466705322
0.019257559557445347,0.019952908623963594
0.0192163591273129,0.019949857145547867
0.01925845432560891,0.01994796609506011
0.01919604861177504,0.019957247655838728
0.019205723307095468,0.01994751626625657
0.019184383447282016,0.01995032886043191
0.019197367131710052,0.01995154796168208
0.01922404789365828,0.019949444103986025
0.01920392911415547,0.0199470785446465
0.019191116327419877,0.019949019420892
0.01924728322774172,0.0199456331320107
0.019225269090384245,0.019947119057178497
0.019247301388531923,0.019949236419051886
0.019286043127067387,0.019953193608671427
0.019273640820756555,0.019942646380513906
0.01921111554838717,0.019948370289057493
0.019207692006602883,0.019942845683544874
0.019229871802963316,0.019953167531639338
0.01924563874490559,0.019953977782279253
0.019219179172068834,0.019947194028645754
0.019215486361645162,0.01994786038994789
0.019170706626027822,0.019947662483900785
0.01917090138886124,0.01994380122050643
0.01928836468141526,0.01995245274156332
0.01922372856643051,0.019943667575716972
0.01927138853352517,0.01995509397238493
0.019198260852135718,0.019937777891755104
0.019247283460572362,0.01993859000504017
0.019248794415034354,0.019939349498599768
0.019206043449230492,0.01993480883538723
0.01922371075488627,0.019949266221374273
0.01921246142592281,0.01993755344301462
0.01922915002796799,0.019939805381000042
0.019240766298025846,0.01993694994598627
0.019245529430918396,0.019952483009546995
0.019248124794103205,0.01993486052379012
0.019234591745771468,0.019935316406190395
0.019204242853447795,0.019936450757086277
0.019223993411287665,0.019941150676459074
0.019237311091274023,0.019936538767069578
0.019221632974222302,0.019935141783207655
0.01920754835009575,0.019932902418076992
0.019225305411964655,0.019943281076848507
0.019194236607290804,0.019928085152059793
0.019294800353236496,0.019947663880884647
0.019228955381549895,0.019932707771658897
0.019258208805695176,0.019937900360673666
0.019195720204152167,0.019928213208913803
0.019201660295948386,0.019936250057071447
0.0192852079635486,0.019928145688027143
0.01922540075611323,0.01993362745270133
0.019221673486754298,0.01993122650310397
0.019252355443313718,0.019936416763812304
0.019197551999241114,0.01993400976061821
0.019221191643737257,0.019928892608731985
0.01922227838076651,0.019923174753785133
0.019242996349930763,0.019924551248550415
0.019191697472706437,0.019930871669203043
0.01921251288149506,0.019925383385270834
0.01921911654062569,0.019930738024413586
0.019206933095119894,0.019936594180762768
0.019189447979442775,0.019930264446884394
0.019207340315915644,0.01997602777555585
0.019263012101873755,0.019954638089984655
0.01918740093242377,0.019924212712794542
0.0191882491344586,0.01993064908310771
0.01920358173083514,0.01992285531014204
0.01923212839756161,0.019920946564525366
0.019195208209566772,0.019914415664970875
0.019237974425777793,0.01992140943184495
0.019216231885366142,0.019939619582146406
0.019172647269442677,0.019915397744625807
0.01922053296584636,0.019918192643672228
0.019193643238395452,0.01992775173857808
0.019198959693312645,0.01991800172254443
0.019205086049623787,0.01992538385093212
0.019191731815226376,0.019917018245905638
0.019181385869160295,0.019940913654863834
0.01920040196273476,0.01993054384365678
0.01922187942545861,0.01991905737668276
0.019217235618270934,0.019910579547286034
0.019189034355804324,0.0199299780651927
0.01921438577119261,0.01992359897121787
0.01921391359064728,0.01992266159504652
0.019207383156754076,0.019933844450861216
0.019195233704522252,0.019922037608921528
0.01919664302840829,0.019923081621527672
0.019174553803168237,0.019916440825909376
0.01918072858825326,0.0199146899394691
0.019179335329681635,0.019913338124752045
0.019184035598300397,0.019937602803111076
0.01919343415647745,0.01991720125079155
0.019209586549550295,0.01990941120311618
0.019218053086660802,0.01990877417847514
0.019211404607631266,0.01990253059193492
0.019184155389666557,0.019915329292416573
0.019205994089134037,0.019913723692297935
0.019228584482334554,0.019917983561754227
0.019207692123018205,0.01992754964157939
0.019196206936612725,0.019923153799027205
0.019219056121073663,0.01991400308907032
0.019211003789678216,0.019900980405509472
0.019197778310626745,0.01991672907024622
0.019182521849870682,0.019904961809515953
0.019237675005570054,0.019988160580396652
0.019245485309511423,0.01991034811362624
0.01920088310725987,0.019933275412768126
0.019216915941797197,0.019905207213014364
0.019257582491263747,0.019898996222764254
0.01918290590401739,0.019906167406588793
0.01921800570562482,0.019905696157366037
0.019157055765390396,0.019894997123628855
0.019195303204469383,0.01991420518606901
0.019223241019062698,0.019901773892343044
0.01919512148015201,0.01992539642378688
0.019190689781680703,0.01990355644375086
0.019235604093410075,0.019897210877388716
0.019197623361833394,0.019892435986548662
0.01916371949482709,0.01989731565117836
0.019191698520444334,0.019893962889909744
0.01923270698171109,0.019904900807887316
0.01916131272446364,0.01995285227894783
0.019195831497199833,0.019931302405893803
0.019161013537086546,0.01990285189822316
0.019177258596755564,0.01992161525413394
0.019184652133844793,0.01990169007331133
0.019220085931010544,0.019934752956032753
0.019225471885874867,0.0198934068903327
0.01917892461642623,0.01991714909672737
0.019209788530133665,0.01989150932058692
0.019183093099854887,0.019904750399291515
0.01913134683854878,0.019887981470674276
0.019170861807651818,0.01990757742896676
0.01919767411891371,0.019908038433641195
0.019166104146279395,0.01988814491778612
0.019226674106903374,0.019884420093148947
0.019200820941478014,0.01989453239366412
0.019167982041835785,0.019894349854439497
0.019265329465270042,0.019958593416959047
0.019226797157898545,0.01996306935325265
0.01920337602496147,0.01990503491833806
0.01922891929280013,0.01991094322875142
0.019188951468095183,0.019887751433998346
0.01920740120112896,0.01988659566268325
0.019226345932111144,0.019894713070243597
0.019137227558530867,0.01987942447885871
0.019227888551540673,0.01989696826785803
0.019207232864573598,0.019880165345966816
0.01917216763831675,0.01988524477928877
0.01916361670009792,0.019898282829672098
0.019181854790076613,0.019954907707870007
0.019216165062971413,0.019879662431776524
0.019171970547176898,0.01990753971040249
0.019216463551856577,0.01989772729575634
0.019198469468392432,0.01989848492667079
0.019198707188479602,0.019893174525350332
0.0192201609024778,0.01989902090281248
0.01920911204069853,0.0198799935169518
0.019170130137354136,0.019918793812394142
0.019160253810696304,0.019877022597938776
0.019167639082297683,0.01987441908568144
0.01914263633079827,0.019898549653589725
0.01914301502984017,0.019899972714483738
0.019159027142450213,0.019880446139723063
0.01916354475542903,0.019891681615263224
0.0192031356273219,0.019872589968144894
0.019190876744687557,0.01989186741411686
0.01915564970113337,0.019887584261596203
0.019202019087970257,0.019866350572556257
0.0191640208940953,0.0198827781714499
0.01913643372245133,0.019903828855603933
0.01923745055682957,0.01991326129063964
0.019168714410625398,0.01987452805042267
0.01919165870640427,0.020000559743493795
0.01927771931514144,0.020016337744891644
0.019178357673808932,0.019876559264957905
0.019185133278369904,0.019863898865878582
0.019214388448745012,0.01986609911546111
0.01917172153480351,0.01991555793210864
0.019195110886357725,0.019887199625372887
0.019180254661478102,0.01986412750557065
0.019162295386195183,0.019884547218680382
0.019148023682646453,0.019870370160788298
0.01920338743366301,0.019950725603848696
0.019162823795340955,0.019870094023644924
0.019184210570529103,0.019888704642653465
0.019197457586415112,0.019871382508426905
0.019149920088239014,0.01986227324232459
0.019170962739735842,0.019894838333129883
0.019196668756194413,0.019902887288480997
0.019174961489625275,0.01985633559525013
0.019157292554154992,0.01987355574965477
0.01916559226810932,0.019891970325261354
0.019174330518580973,0.019939954858273268
0.019121592864394188,0.019856131169945
0.019174749846570194,0.01991394441574812
0.019158910610713065,0.01985511975362897
0.019192135543562472,0.01985528226941824
0.019115595030598342,0.01984839141368866
0.019157553557306528,0.019908564165234566
0.019196733366698027,0.019922594539821148
0.019221590366214514,0.0199777209199965
0.019178060814738274,0.019880959298461676
0.019205480813980103,0.019885914865881205
0.019140398013405502,0.019864109344780445
0.019143085461109877,0.019857092294842005
0.019152229535393417,0.01988934399560094
0.019166863639838994,0.019860730040818453
0.01916115207131952,0.01990491198375821
0.01914746523834765,0.019841818138957024
0.019208762096241117,0.01988610066473484
0.019150195294059813,0.019919918850064278
0.0191472478909418,0.019851543474942446
0.019175279885530472,0.01986180664971471
0.019175343099050224,0.019867244642227888
0.01918392372317612,0.019859420601278543
0.01913637318648398,0.01985682873055339
0.019186660647392273,0.01986021688207984
0.019115699105896056,0.019903263077139854
0.01916800206527114,0.01984586613252759
0.019142802455462515,0.01987026073038578
0.019192526466213167,0.0198999117128551
0.019206807133741677,0.019841248635202646
0.019122588215395808,0.019837841857224703
0.01911581528838724,0.019875410478562117
0.019132771529257298,0.01983841322362423
0.019132991321384907,0.01983552984893322
0.019119106233119965,0.019835749175399542
0.019118761993013322,0.0198430847376585
0.01916598284151405,0.019892161712050438
0.019123208592645824,0.019857400562614202
0.019105025683529675,0.019933244213461876
0.019143073703162372,0.01985308900475502
0.01917262247297913,0.01983780972659588
0.019193895277567208,0.019845846574753523
0.01914503308944404,0.01986898807808757
0.019166334299370646,0.01984033640474081
0.01914910937193781,0.019888106733560562
0.019125454942695796,0.019835493061691523
0.019071496441029012,0.019833451602607965
0.019145028083585203,0.0199428154155612
0.019134778529405594,0.019826249685138464
0.01909588184207678,0.019825352355837822
0.019087284454144537,0.019880134612321854
0.01916777598671615,0.019887592643499374
0.019168158411048353,0.01987704122439027
0.01927951001562178,0.02012127311900258
0.01929033105261624,0.02008584886789322
0.01919293007813394,0.019854491110891104
0.019158487557433546,0.01984255760908127
0.019112464040517807,0.019837606698274612
0.019134480506181717,0.019881614949554205
0.01914140151347965,0.0198426959104836
0.019142894074320793,0.019841753877699375
0.019160231575369835,0.019849208649247885
0.019121297984384,0.019851092249155045
0.019108760519884527,0.019820758141577244
0.019130036933347583,0.01990619907155633
0.01922486093826592,0.019928704015910625
0.01921698683872819,0.019841198809444904
0.019068954628892243,0.019821268040686846
0.01916214742232114,0.019836973398923874
0.019156283466145396,0.019868293311446905
0.01908572029788047,0.019817556720227003
0.019198349094949663,0.019866356160491705
0.01919064309913665,0.019881704356521368
0.01911151153035462,0.019902528263628483
0.019110039109364152,0.019821238238364458
0.019139492535032332,0.0198625554330647
0.01912856416311115,0.01982156140729785
0.01914300606586039,0.019823809154331684
0.019116100040264428,0.01984519697725773
0.01913957402575761,0.019805983640253544
0.01916505233384669,0.019880719017237425
0.019145847647450864,0.019801996182650328
0.019149546278640628,0.019802679773420095
0.019084066268987954,0.019816904794424772
0.019076578319072723,0.01979884970933199
0.01912166189868003,0.01981983846053481
0.01909309474285692,0.019804683048278093
0.01914300408679992,0.019842809066176414
0.01912982016801834,0.019819450564682484
0.01908819959498942,0.019820630084723234
0.0191024529049173,0.01993581559509039
0.019187075668014586,0.01986439013853669
0.019148169085383415,0.019817677326500416
0.019131610286422074,0.01987198879942298
0.019134761416353285,0.019817073829472065
0.019090185407549143,0.01982426131144166
0.019080909434705973,0.019806145690381527
0.01912124769296497,0.019813285674899817
0.01913640706334263,0.01980095310136676
0.01906852249521762,0.01978965289890766
0.01910765829961747,0.01980879995971918
0.01910772267729044,0.01980404043570161
0.019083824823610485,0.019798970315605402
0.0190926002105698,0.01979318493977189
0.01910065731499344,0.019822575617581606
0.01913968671578914,0.019899182952940464
0.019132985500618815,0.019814308267086744
0.019080373574979603,0.019806322176009417
0.019153270055539906,0.019852171652019024
0.019098319578915834,0.01985223824158311
0.019112068344838917,0.019826482981443405
0.01910047244746238,0.019859981257468462
0.01917715696617961,0.01990377902984619
0.019090792862698436,0.01979257119819522
0.01909231673926115,0.01978540699928999
0.01909894705750048,0.019807918462902308
0.019124944927170873,0.019798070192337036
0.019076183903962374,0.01982356747612357
0.019116193638183177,0.019782533403486013
0.019071313901804388,0.019895993638783693
0.01916955574415624,0.02007146365940571
0.019160180119797587,0.01983662834390998
0.01913842570502311,0.01978728035464883
0.01909176365006715,0.019862203393131495
0.01909607637207955,0.019795265048742294
0.019080635043792427,0.019788461737334728
0.01909754832740873,0.019801015499979258
0.019100824603810906,0.019779068417847157
0.019140252145007253,0.019820753950625658
0.01905021397396922,0.019782452378422022
0.01907055708579719,0.019861201755702496
0.019062984036281705,0.019874495919793844
0.01911162887699902,0.019796231295913458
0.019083182327449322,0.01980770193040371
0.01908169756643474,0.019776612985879183
0.019097584416158497,0.019829025957733393
0.01914151106029749,0.019780514761805534
0.019152979948557913,0.01980323437601328
0.01912916824221611,0.019775007851421833
0.01911966095212847,0.019808581564575434
0.01905375299975276,0.019781649112701416
0.019117805059067905,0.019816646352410316
0.019100239500403404,0.019826618023216724
0.01916720310691744,0.01987542910501361
0.01939714001491666,0.019922166131436825
0.019368204055354,0.020003357902169228
0.019134844304062426,0.019777084235101938
0.01912893622647971,0.01979924226179719
0.01909070718102157,0.019811229314655066
0.01908347080461681,0.019826979376375675
0.01909601886291057,0.019788723438978195
0.019069144153036177,0.019854928832501173
0.019132818328216672,0.01988219516351819
0.019157635630108416,0.019819672219455242
0.019122425001114607,0.019849708769470453
0.019101155805401504,0.01979736750945449
0.01906769350171089,0.019764629658311605
0.01903756009414792,0.019756339956074953
0.019032416283152997,0.019756167195737362
0.019042066764086485,0.01975454855710268
0.019077728618867695,0.01975590968504548
0.01905745838303119,0.01975732436403632
0.01903161173686385,0.019756281282752752
0.01902622077614069,0.019754737615585327
0.019022937631234527,0.019755304791033268
0.019060087739489973,0.01975555019453168
0.019054601318202913,0.01975606055930257
0.01905889087356627,0.01975491503253579
0.01906110136769712,0.01975424261763692
0.01908867049496621,0.019754761829972267
0.019037614576518536,0.019753755070269108
0.019024588400498033,0.019755147397518158
0.019044411601498723,0.019754332024604082
0.01902241411153227,0.019754901994019747
0.019019252969883382,0.019753921311348677
0.019079188932664692,0.019757057540118694
0.01899280317593366,0.019757040310651064
0.01904050901066512,0.019753218162804842
0.019066700246185064,0.019756419584155083
0.019078152952715755,0.019752815831452608
0.019060128717683256,0.019755493849515915
0.019018003717064857,0.019757896196097136
0.019055639510042965,0.01975508499890566
0.019065518048591912,0.019752393942326307
0.01908639643806964,0.019755554851144552
0.019048215704970062,0.019755252171307802
0.019069746835157275,0.01975515251979232
0.01902258861809969,0.01975639397278428
0.019055437529459596,0.019753086380660534
0.01903755299281329,0.019756917841732502
0.019020708976313472,0.0197530435398221
0.019032878219150007,0.019753264263272285
0.019024031120352447,0.01975320978090167
0.019022439373657107,0.019752493128180504
0.01905766734853387,0.019752399530261755
0.019074574462138116,0.019752617459744215
0.01901316305156797,0.01975231384858489
0.01907363219652325,0.019752527121454477
0.019065818400122225,0.01975250244140625
0.019037929130718112,0.01975306635722518
0.01907812210265547,0.019752502907067537
0.01905192481353879,0.019752752501517534
0.019040981074795127,0.019752693828195333
0.019026674213819206,0.019752598367631435
0.01905228989198804,0.019752371590584517
0.019064453546889126,0.01975269988179207
0.0190840654540807,0.019752662628889084
0.019035291741602123,0.019752553198486567
0.019074790296144783,0.019752867985516787
0.019081039470620453,0.019751993007957935
0.01907294522970915,0.019753120839595795
0.019039430771954358,0.019752126187086105
0.019037950201891363,0.01975249219685793
0.01904711569659412,0.019752425141632557
0.01905695511959493,0.019752577878534794
0.019071536720730364,0.019752386026084423
0.0190087208757177,0.01975258020684123
0.01906731480266899,0.019752392079681158
0.019053920404985547,0.019752894062548876
0.019061900326050818,0.019752411637455225
0.019089379347860813,0.019752486143261194
0.019009461859241128,0.019752620719373226
0.019043608801439404,0.019752553198486567
0.019081695121712983,0.019752448424696922
0.019037869293242693,0.019752454943954945
0.01903294923249632,0.01975241769105196
0.019085765932686627,0.019752465654164553
0.019036668352782726,0.01975234178826213
0.019037409801967442,0.01975212339311838
0.019029420567676425,0.019752791617065668
0.01906053943093866,0.01975234504789114
0.019059409387409687,0.019752474036067724
0.019038346130400896,0.019752576015889645
0.019066392560489476,0.019752427469938993
0.01900055434089154,0.01975258020684123
0.019068040302954614,0.019752496387809515
0.019021840183995664,0.019752513151615858
0.019009157083928585,0.019752411637455225
0.01903052383568138,0.01975246611982584
0.019059488782659173,0.0197524712421
0.019052185700275004,0.01975246984511614
0.019040037877857685,0.019752430729568005
0.019058506120927632,0.019752367865294218
0.01903359335847199,0.01975252479314804
0.01904674235265702,0.0197525005787611
0.019037263235077262,0.019752399995923042
0.019038338563404977,0.019752449356019497
0.01907751604449004,0.01975250616669655
0.01907650800421834,0.01975262677296996
0.019055178039707243,0.01975266356021166
0.019066370325163007,0.019752532243728638
0.018984814058057964,0.019752627704292536
0.01905050384812057,0.01975260302424431
0.019022166961804032,0.019752612803131342
0.019058464909903705,0.01975261140614748
0.01906147669069469,0.019752605818212032
0.019045211607590318,0.019752610940486193
0.01905707677360624,0.019752610940486193
0.019047742360271513,0.01975260954350233
0.019076814292930067,0.019752624910324812
0.01903122360818088,0.019752623979002237
0.019049751455895603,0.019752605352550745
0.019033934688195586,0.01975261839106679
0.01905595709104091,0.019752625841647387
0.01907827309332788,0.019752622582018375
0.019031336181797087,0.019752616994082928
0.0190416406840086,0.01975261839106679
0.01907977811060846,0.019752617459744215
0.01903801003936678,0.019752619322389364
0.01905508351046592,0.019752621185034513
0.01903584285173565,0.019752616994082928
0.01906970061827451,0.019752617459744215
0.019035033881664276,0.019752618856728077
0.01907874899916351,0.019752597901970148
0.019046280882321298,0.019752612803131342
0.019052646588534117,0.019752635154873133
0.01906263956334442,0.01975263375788927
0.019032702082768083,0.01975262677296996
0.019069963949732482,0.019752627704292536
0.019061109516769648,0.019752626307308674
0.01904012926388532,0.01975262025371194
0.019044036511331797,0.01975261652842164
0.01906641700770706,0.019752599764615297
0.019046141067519784,0.019752596970647573
0.019009249634109437,0.019752603955566883
0.019038163241930306,0.01975257834419608
0.019115064293146133,0.019752579275518656
0.01901509566232562,0.019752600695937872
0.019066696637310088,0.019752558786422014
0.019026976893655956,0.019752574153244495
0.019024019711650908,0.019752513617277145
0.01904193323571235,0.019752516876906157
0.019027942093089223,0.01975252851843834
0.019071487244218588,0.019752527587115765
0.01903971703723073,0.019752529449760914
0.018988160300068557,0.019752525724470615
0.019109644228592515,0.019752520136535168
0.019097850657999516,0.019752597901970148
0.019091146648861468,0.019752527587115765
0.0190650048898533,0.01975253503769636
0.01904717111028731,0.019752526190131903
0.019011133583262563,0.019752553198486567
0.019036233192309737,0.01975254761055112
0.019052194198593497,0.01975251082330942
0.0191054109018296,0.01975249871611595
0.019083567312918603,0.019752531312406063
0.019025077112019062,0.01975256111472845
0.019064670079387724,0.019752549938857555
0.019097065669484437,0.01975252293050289
0.019067742046900094,0.019752541556954384
0.019033341552130878,0.01975252665579319
0.019026892841793597,0.019752515945583582
0.019007441704161465,0.019752548076212406
0.019065838307142258,0.019752549473196268
0.01909831748344004,0.019752551801502705
0.019043083186261356,0.01975250942632556
0.019052863819524646,0.019752598367631435
0.01900075632147491,0.01975253038108349
0.019093761453405023,0.019752551801502705
0.019095316529273987,0.01975255459547043
0.019017914193682373,0.01975255412980914
0.01904386526439339,0.019752513151615858
0.019059578189626336,0.01975255412980914
0.01906985475216061,0.0197525667026639
0.01905829703900963,0.01975253177806735
0.01904329762328416,0.019752573687583208
0.01901787391398102,0.019752574618905783
0.01902045775204897,0.019752560649067163
0.019071560469456017,0.019752596039325
0.019049983005970716,0.01975255599245429
0.0190261093666777,0.01975255273282528
0.019051151000894606,0.01975253503769636
0.018999685416929424,0.019752530846744776
0.01899690693244338,0.019752521999180317
0.019052819930948317,0.019752562046051025
0.01905616302974522,0.019752572290599346
0.019016845268197358,0.019752521999180317
0.019065298489294946,0.019752544816583395
0.019021169049665332,0.019752515479922295
0.019044419866986573,0.019752501975744963
0.01905757957138121,0.019752522464841604
0.019041797961108387,0.019752515479922295
0.019073771429248154,0.0197525336407125
0.01906386681366712,0.019752481020987034
0.019048368791118264,0.019752521999180317
0.019060855847783387,0.019752505235373974
0.019050049013458192,0.019752528052777052
0.019056987250223756,0.019752528052777052
0.019033658551052213,0.019752532709389925
0.019057547440752387,0.019752500113099813
0.019069385481998324,0.01975248195230961
0.0190504101337865,0.019752501044422388
0.0190402987645939,0.01975251641124487
0.019064378459006548,0.019752538297325373
0.019084540312178433,0.01975252293050289
0.019025301793590188,0.019752477295696735
0.019045619410462677,0.019752471707761288
0.019034686614759266,0.019752495922148228
0.019050108618102968,0.019752492662519217
0.0190596382599324,0.01975251268595457
0.01906959095504135,0.01975253038108349
0.019021450774744153,0.019752484746277332
0.01902551343664527,0.019752489402890205
0.019046591478399932,0.019752472639083862
0.019061753642745316,0.019752496853470802
0.019049457390792668,0.019752509891986847
0.019074252108111978,0.019752515479922295
0.019016649923287332,0.019752496387809515
0.019023167551495135,0.01975249545648694
0.01910136779770255,0.019752489868551493
0.019084380473941565,0.01975248847156763
0.019097732147201896,0.019752490799874067
0.019060333725064993,0.019752460066229105
0.019072813098318875,0.01975248195230961
0.019072067574597895,0.019752509891986847
0.01901610556524247,0.019752470310777426
0.019040049985051155,0.019752471707761288
0.019078785553574562,0.01975247636437416
0.019108235952444375,0.019752515014261007
0.01906135235913098,0.0197524456307292
0.01907333091367036,0.01975250570103526
0.01903045130893588,0.019752479624003172
0.01907691254746169,0.01975246937945485
0.019045153516344726,0.019752501044422388
0.019025592016987503,0.0197524712421
0.0190559399779886,0.019752455409616232
0.019058167119510472,0.019752487540245056
0.01907397760078311,0.01975246937945485
0.01902021432761103,0.019752459600567818
0.01908220793120563,0.0197524749673903
0.019016814650967717,0.019752446096390486
0.019030971103347838,0.01975246798247099
0.019049859954975545,0.019752526190131903
0.019024552428163588,0.01975250616669655
0.019038911326788366,0.01975247450172901
0.019027561647817492,0.019752485677599907
0.019051800947636366,0.01975243492051959
0.019071209826506674,0.019752497784793377
0.019014316610991955,0.019752476830035448
0.019065537257120013,0.01975247310474515
0.01898076629731804,0.01975246099755168
0.01901530334725976,0.01975251967087388
0.019077725242823362,0.019752495922148228
0.019003829220309854,0.019752485677599907
0.01904314721468836,0.019752436317503452
0.01902537955902517,0.019752495922148228
0.019043030100874603,0.019752461928874254
0.019037387217395008,0.019752417225390673
0.0190928743686527,0.019752414897084236
0.019047133857384324,0.0197524381801486
0.01902168896049261,0.01975240558385849
0.019095798139460385,0.019752453546971083
0.01911207416560501,0.019752464722841978
0.01903907605446875,0.019752451218664646
0.019029059447348118,0.019752479624003172
0.01906454551499337,0.01975249918177724
0.01902011316269636,0.019752460531890392
0.0190470163943246,0.019752524327486753
0.019049009890295565,0.019752500113099813
0.019046691828407347,0.01975242979824543
0.018989692558534443,0.019752475433051586
0.019094419083558023,0.01975254388526082
0.019065963686443865,0.01975255785509944
0.019027209258638322,0.01975266821682453
0.019039310747757554,0.019752709195017815
0.01903541525825858,0.019752684514969587
0.019022524473257363,0.019752666354179382
0.01903775113169104,0.01975248521193862
0.019034579978324473,0.019752691499888897
0.01902130921371281,0.019752646796405315
0.019033317919820547,0.01975262723863125
0.01905374403577298,0.019752642139792442
0.01904313894920051,0.01975261513143778
0.019043265492655337,0.01975264400243759
0.019033562974072993,0.01975264772772789
0.019064860069192946,0.01975265797227621
0.01904709974769503,0.01975268078967929
0.019078879500739276,0.019752672407776117
0.0190533910645172,0.019752584863454103
0.019084362196736038,0.01975265285000205
0.019036417943425477,0.019752655643969774
0.019020407344214618,0.019752637948840857
0.019053464755415916,0.01975263562053442
0.019021955667994916,0.01975263375788927
0.019027912407182157,0.019752691965550184
0.01901055872440338,0.019752660766243935
0.019050247501581907,0.019752615597099066
0.019058900885283947,0.019752579741179943
0.019015649100765586,0.019752607215195894
0.019057878176681697,0.019752610009163618
0.019053571159020066,0.019752548541873693
0.019068738562054932,0.01975257834419608
0.019022263819351792,0.019752544350922108
0.019010867341421545,0.01975256809964776
0.019065431435592473,0.019752576015889645
0.019038244732655585,0.019752686377614737
0.019089421373791993,0.019752611871808767
0.01903923531062901,0.019752629101276398
0.01906246447470039,0.019752548541873693
0.0190473374677822,0.019752603489905596
0.019061647704802454,0.019752608612179756
0.019014832912944257,0.019752625841647387
0.019066639826633036,0.019752630963921547
0.01905306929256767,0.019752610940486193
0.019038035301491618,0.01975252479314804
0.019040479557588696,0.019752631429582834
0.019029787508770823,0.01975263562053442
0.019107341533526778,0.019752627704292536
0.01902729063294828,0.019752565771341324
0.019080070895142853,0.019752709195017815
0.019029035232961178,0.019752725958824158
0.019042345811612904,0.019752743188291788
0.019073415198363364,0.01975274784490466
0.019025097601115704,0.019752657506614923
0.019004377420060337,0.019752629566937685
0.01905249571427703,0.01975263375788927
0.019090779358521104,0.019752651918679476
0.019139631651341915,0.019752593711018562
0.019025351270101964,0.01975259929895401
0.019037357647903264,0.019752596504986286
0.0190739439567551,0.019752617925405502
0.019071783870458603,0.019752603955566883
0.019055962911807,0.01975265285000205
0.019048021407797933,0.019752637948840857
0.019055199227295816,0.01975245913490653
0.019020855659618974,0.019752489868551493
0.019001160748302937,0.019752482883632183
0.019057965837419033,0.01975252851843834
0.019050988950766623,0.01975247822701931
0.01904043194372207,0.01975244516506791
0.019033110118471086,0.019752494990825653
0.01902217708993703,0.01975251967087388
0.019025058834813535,0.019752519205212593
0.019028754788450897,0.019752532709389925
0.019008252769708633,0.019752540159970522
0.019064822234213352,0.019752536434680223
0.01903676788788289,0.019752509891986847
0.019045050721615553,0.01975258905440569
0.019028304726816714,0.019752515945583582
0.019071195973083377,0.01975253177806735
0.01906809618230909,0.019752611871808767
0.019030455383472145,0.019752528984099627
0.019049377762712538,0.01975254202261567
0.019083166029304266,0.019752567633986473
0.019072422524914145,0.019752475898712873
0.019082940299995244,0.01975253550335765
0.019069207599386573,0.019752461463212967
0.019017377053387463,0.01975245587527752
0.019051554962061346,0.01975242095068097
0.01903292688075453,0.019752473570406437
0.019025840214453638,0.019752429332584143
0.019029542920179665,0.019752619322389364
0.019052661024034023,0.019752683583647013
0.019059318583458662,0.0197526216506958
0.019011555355973542,0.01975262723863125
0.019065803848206997,0.01975262351334095
0.019052718998864293,0.019752594642341137
0.019062018720433116,0.01975264446809888
0.01903921808116138,0.019752600695937872
0.019038183731026947,0.019752599764615297
0.019054421805776656,0.019752570893615484
0.01905732078012079,0.01975260814651847
0.01903805194888264,0.019752577878534794
0.01902989181689918,0.019752553664147854
0.01900412724353373,0.019752582535147667
0.01905850088223815,0.019752491265535355
0.0189934684894979,0.019752529449760914
0.019005888607352972,0.0197525629773736
0.019049859954975545,0.01975266356021166
0.019008197472430766,0.019752528052777052
0.019078440265730023,0.01975253177806735
0.01906108937691897,0.01975260116159916
0.01904595294035971,0.019752482417970896
0.019072342896834016,0.019752514082938433
0.019050961709581316,0.019752569496631622
0.019058803096413612,0.019752548076212406
0.019027300993911922,0.0197524749673903
0.018992488621734083,0.019752475898712873
0.019010193296708167,0.019752520602196455
0.01904659776482731,0.019752596970647573
0.01905471959616989,0.019752556458115578
0.01908391562756151,0.019752521067857742
0.01903646334540099,0.01975254900753498
0.019063118961639702,0.019752567633986473
0.019051344832405448,0.0197525667026639
0.01904869417194277,0.019752501044422388
0.019018575665540993,0.019752472639083862
0.019043998210690916,0.01975257880985737
0.01912429044023156,0.019752470310777426
0.01902452122885734,0.019752496853470802
0.01902231213171035,0.019752456340938807
0.019027355941943824,0.019752449356019497
0.019031435367651284,0.019752453081309795
0.01907777541782707,0.01975252851843834
0.01901905075646937,0.01975234877318144
0.019063409767113626,0.019752318039536476
0.019040660234168172,0.019752347841858864
0.01905872323550284,0.01975242979824543
0.019029258866794407,0.019752389285713434
0.0190224057296291,0.019752390682697296
0.019025905639864504,0.019752366468310356
0.019013901706784964,0.019752407912164927
0.01901560474652797,0.0197525299154222
0.019006877206265926,0.019752501044422388
0.019033881020732224,0.019752478692680597
0.01903467846568674,0.019752499647438526
0.019015539321117103,0.019752440508455038
0.01905337010975927,0.01975246239453554
0.01905790960881859,0.019752536434680223
0.019034806871786714,0.019752513617277145
0.019059411133639514,0.019752544816583395
0.019039714126847684,0.019752328749746084
0.019019981613382697,0.01975229289382696
0.019071578746661544,0.019752384163439274
0.01908508245833218,0.019752454478293657
0.019069300615228713,0.019752529449760914
0.01906874286942184,0.019752491731196642
0.019074049196206033,0.019752407912164927
0.019013602402992547,0.019752444699406624
0.019067292916588485,0.019752442371100187
0.01903110893908888,0.019752386957406998
0.019050622242502868,0.01975240744650364
0.01903624681290239,0.019752415362745523
0.019094286020845175,0.019752492662519217
0.01905847724992782,0.019752446096390486
0.019053837284445763,0.019752463791519403
0.019057809142395854,0.01975246984511614
0.019015974132344127,0.01975244889035821
0.019041662686504424,0.019752411171793938
0.019041282357648015,0.019752400927245617
0.019045793684199452,0.01975242467597127
0.01904217421542853,0.0197524381801486
0.019033099175430834,0.0197525299154222
0.019035224802792072,0.019752524327486753
0.019055615179240704,0.019752302672713995
0.01908187533263117,0.019752316176891327
0.019047035602852702,0.019752406049519777
0.019064939697273076,0.01975245401263237
0.019019074272364378,0.019752460066229105
0.019043617066927254,0.01975248195230961
0.019081099540926516,0.01975245028734207
0.019015748985111713,0.01975248008966446
0.019042910542339087,0.019752407912164927
0.01909363502636552,0.01975241443142295
0.019043307518586516,0.019752393011003733
0.019067038665525615,0.019752384163439274
0.01900132081937045,0.01975239161401987
0.019068831228651106,0.01975239533931017
0.019110480905510485,0.019752406980842352
0.019004484405741096,0.01975241582840681
0.019046453875489533,0.019752430263906717
0.019066063105128706,0.01975245587527752
0.01907858334016055,0.019752407912164927
0.019015125348232687,0.019752230029553175
0.01906074571888894,0.019752207212150097
0.01904148794710636,0.019752174615859985
0.01905007939785719,0.01975221373140812
0.019051178358495235,0.01975216856226325
0.01905719912610948,0.019752185326069593
0.019047048524953425,0.019752177875488997
0.019017711514607072,0.01975224632769823
0.019041659659706056,0.019752259831875563
0.019038618658669293,0.019752437714487314
0.019031046191230416,0.01975232409313321
0.019073468050919473,0.019752269610762596
0.019108275650069118,0.019752335269004107
0.019056825782172382,0.019752323161810637
0.019086073734797537,0.01975225191563368
0.019060798455029726,0.01975225331261754
0.019013920449651778,0.01975227613002062
0.01902383705601096,0.019752282183617353
0.019026741618290544,0.01975232968106866
0.019077251432463527,0.019752310123294592
0.019044164684601128,0.0197523171082139
0.01902240060735494,0.019752282183617353
0.019057421595789492,0.01975229335948825
0.019040459650568664,0.019752373453229666
0.01903783669695258,0.019752262625843287
0.019036953104659915,0.019752333872020245
0.01904023136012256,0.019752296153455973
0.019011248950846493,0.019752273801714182
0.01903989678248763,0.019752361811697483
0.019039128092117608,0.0197523171082139
0.019039058941416442,0.019752325490117073
0.01903134665917605,0.019752352964133024
0.019043518230319023,0.019752356689423323
0.019019815721549094,0.019752328284084797
0.0190422129817307,0.019752381835132837
0.019033256103284657,0.01975234830752015
0.019037794671021402,0.019752326887100935
0.019095423631370068,0.01975235901772976
0.019010701216757298,0.019752312917262316
0.019085623905993998,0.019752285443246365
0.019143887562677264,0.019752349238842726
0.019047473091632128,0.01975223980844021
0.01903548219706863,0.019752224907279015
0.019037734833545983,0.019752332009375095
0.01907180284615606,0.019752307329326868
0.019067068584263325,0.019752384163439274
0.019040111103095114,0.019752277992665768
0.01904697227291763,0.019752308260649443
0.01903546298854053,0.019752363208681345
0.019013384473510087,0.01975242281332612
0.01903319510165602,0.019752435386180878
0.019074687035754323,0.0197524419054389
0.019013145589269698,0.019752417225390673
0.019061671919189394,0.019752420485019684
0.01902759855147451,0.019752394873648882
0.019030974712222815,0.019752345513552427
0.019033124553970993,0.019752400927245617
0.019002614310011268,0.019752424210309982
0.019020524458028376,0.01975238835439086
0.019056159304454923,0.019752393942326307
0.01901494595222175,0.019752468913793564
0.019033976132050157,0.019752400927245617
0.019051877316087484,0.019752434454858303
0.019091962720267475,0.0197522877715528
0.01901803375221789,0.019752330146729946
0.019025288987904787,0.019752333872020245
0.019037393387407064,0.019752414897084236
0.0190420103026554,0.01975239161401987
0.019047391950152814,0.019752411637455225
0.01902220433112234,0.019752442836761475
0.019041347317397594,0.019752400927245617
0.019050007686018944,0.019752413500100374
0.019041335210204124,0.019752386026084423
0.01907766715157777,0.019752477761358023
0.019059572950936854,0.019752419088035822
0.019095378229394555,0.019752443302422762
0.019007683848030865,0.01975241396576166
0.019002154003828764,0.019752463325858116
0.01907326083164662,0.019752439577132463
0.01901044137775898,0.019752397667616606
0.019059133250266314,0.019752392545342445
0.019081879290752113,0.019752425141632557
0.019063160521909595,0.019752446562051773
0.019002753659151495,0.019752352964133024
0.019007691531442106,0.019752395804971457
0.019089214969426394,0.019752509891986847
0.01906399568542838,0.019752393942326307
0.01907063159160316,0.01975258393213153
0.018998107872903347,0.019752449821680784
0.01902150735259056,0.01975256996229291
0.01905611890833825,0.019752455409616232
0.01905547280330211,0.01975246984511614
0.019036054145544767,0.019752596504986286
0.019012301694601774,0.019752539694309235
0.019033158663660288,0.01975250616669655
0.019048353657126427,0.019752528984099627
0.01905000046826899,0.01975245913490653
0.019029029295779765,0.019752437714487314
0.019097055890597403,0.019752447959035635
0.01905658037867397,0.019752335734665394
0.019024407025426626,0.01975241070613265
0.019022187334485352,0.019752331543713808
0.01903321745339781,0.019752488005906343
0.019093146082013845,0.019752405118197203
0.01898474874906242,0.019752359483391047
0.01905610808171332,0.019752432592213154
0.019049661117605865,0.019752417225390673
0.019072499126195908,0.019752405118197203
0.019028628361411393,0.019752406515181065
0.019069646717980504,0.019752379972487688
0.018995470250956714,0.019752422347664833
0.019016435486264527,0.019752466585487127
0.019049071008339524,0.0197523832321167
0.01906974520534277,0.019752420019358397
0.019041162449866533,0.01975247822701931
0.01910830708220601,0.019752343650907278
0.019006673712283373,0.019752512220293283
0.019085405161604285,0.01975243305787444
0.019027933827601373,0.01975246984511614
0.0190388256451115,0.019752439111471176
0.019017133279703557,0.01975250570103526
0.019054672215133905,0.019752468913793564
0.01905514788813889,0.019752534572035074
0.019029392395168543,0.019752491265535355
0.019038624363020062,0.019752379041165113
0.019042346975766122,0.01975244004279375
0.01901864167302847,0.01975246937945485
0.019083973369561136,0.019752436317503452
0.01904994493816048,0.01975243305787444
0.019038647646084428,0.019752496387809515
0.01904460648074746,0.01975246286019683
0.019055584096349776,0.019752342253923416
0.019061039783991873,0.019752383697777987
0.019033897784538567,0.019752403255552053
0.019013901357538998,0.01975244376808405
0.01901840337086469,0.019752431195229292
0.01903686672449112,0.019752454943954945
0.01903889374807477,0.019752447959035635
0.019015577854588628,0.01975246099755168
0.019043172942474484,0.019752463325858116
0.0190268357982859,0.019752363674342632
0.019098409917205572,0.019752390682697296
0.01905775466002524,0.019752393942326307
0.019008946605026722,0.019752373918890953
0.019062021165154874,0.019752399064600468
0.019020032254047692,0.019752418156713247
0.019022008636966348,0.01975243166089058
0.019042584346607327,0.01975251082330942
0.019062589155510068,0.019752499647438526
0.019025303656235337,0.019752461463212967
0.019018270424567163,0.019752441439777613
0.01906991796568036,0.01975243864580989
0.01902340934611857,0.01975240372121334
0.01904835971072316,0.01975242979824543
0.019066564622335136,0.019752427469938993
0.01903003954794258,0.019752482883632183
0.01904309680685401,0.019752504769712687
0.019101799465715885,0.019752441439777613
0.019066363223828375,0.019752512220293283
0.01905001641716808,0.01975250570103526
0.01901065616402775,0.01975246239453554
0.0190566637320444,0.01975249545648694
0.01902504963800311,0.019752425141632557
0.019103910424746573,0.01975247310474515
0.019037527148611844,0.019752446562051773
0.01910973701160401,0.019752416294068098
0.019009673385880888,0.01975246425718069
0.019010987249203026,0.019752505235373974
0.01901996333617717,0.019752465654164553
0.019003888475708663,0.01975249359384179
0.01899598364252597,0.01975253876298666
0.019051923183724284,0.019752446096390486
0.019014572608284652,0.019752490799874067
0.019018333172425628,0.019752496387809515
0.019032931071706116,0.019752494990825653
0.019065479515120387,0.01975245401263237
0.019075237563811243,0.01975252339616418
0.019072304712608457,0.019752506632357836
0.019070265465416014,0.019752515014261007
0.019054854987189174,0.019752470310777426
0.019071013666689396,0.0197524712421
0.01901236898265779,0.01975241396576166
0.019036988727748394,0.019752496853470802
0.019074406707659364,0.019752442836761475
0.019065116299316287,0.019752415362745523
0.019034511409699917,0.019752423278987408
0.01906958408653736,0.01975246937945485
0.018994766171090305,0.01975241582840681
0.019093438051640987,0.019752428401261568
0.019029061077162623,0.019752412103116512
0.01904375827871263,0.01975233620032668
0.019055062206462026,0.019752417225390673
0.0190377525286749,0.01975239161401987
0.019047164125368,0.01975242467597127
0.019086345215328038,0.019752388820052147
0.019019530853256583,0.019752404652535915
0.019087390624918044,0.019752430729568005
0.01903275796212256,0.01975250616669655
0.019106559921056032,0.019752484746277332
0.019041946856305003,0.019752424210309982
0.019058242440223694,0.019752442371100187
0.019035611301660538,0.019752406980842352
0.019064263557083905,0.01975232269614935
0.019082628889009356,0.019752361346036196
0.019034482655115426,0.01975233107805252
0.019015792873688042,0.01975240930914879
0.01903334353119135,0.019752323161810637
0.019003714551217854,0.019752264954149723
0.01901862188242376,0.01975235901772976
0.019035648205317557,0.019752356223762035
0.019069163128733635,0.019752319902181625
0.019020625622943044,0.01975226029753685
0.019072253024205565,0.01975231571123004
0.01899617479648441,0.019752281717956066
0.019084952073171735,0.01975230034440756
0.019098217017017305,0.019752377178519964
0.019067764398641884,0.019752332009375095
0.018987293471582234,0.019752344582229853
0.019051278824917972,0.01975231897085905
0.019033927586860955,0.01975233620032668
0.01901322090998292,0.01975238136947155
0.019026799127459526,0.019752294290810823
0.01907747471705079,0.01975229289382696
0.01905067008920014,0.019752300810068846
0.01904342125635594,0.019752326421439648
0.019047935027629137,0.019752389285713434
0.019037481863051653,0.0197523245587945
0.019094192190095782,0.01975229848176241
0.019052842864766717,0.01975230872631073
0.019017015816643834,0.019752308260649443
0.019051635172218084,0.01975226728245616
0.019041114021092653,0.019752380903810263
0.019051854382269084,0.019752284977585077
0.019020940992049873,0.019752278923988342
0.0190363951260224,0.019752332009375095
0.019037983613088727,0.01975235342979431
0.019018852501176298,0.019752354826778173
0.019024064880795777,0.019752316176891327
0.019052592921070755,0.019752359483391047
0.019060482969507575,0.019752332009375095
0.019071041839197278,0.01975236600264907
0.019036332494579256,0.019752343650907278
0.01902096183039248,0.019752306398004293
0.019084217492491007,0.01975230034440756
0.019036952638998628,0.01975236600264907
0.019036942860111594,0.019752366468310356
0.01905275252647698,0.01975231058895588
0.019030892523005605,0.019752333406358957
0.019053397816605866,0.019752270076423883
0.019076084485277534,0.019752333406358957
0.01903540617786348,0.019752354361116886
0.019065396045334637,0.019752314779907465
0.019051682902500033,0.019752273801714182
0.019066616776399314,0.019752337597310543
0.01903652457986027,0.01975231058895588
0.019034970202483237,0.019752368330955505
0.019058539648540318,0.019752375781536102
0.01905677083414048,0.01975232269614935
0.019056471763178706,0.019752423278987408
0.019063557498157024,0.019752475433051586
0.01904614712111652,0.019752384163439274
0.01907729043159634,0.019752362743020058
0.019008161849342287,0.019752427469938993
0.019045942346565425,0.019752399995923042
0.019045447115786374,0.01975242141634226
0.019084263942204416,0.019752435386180878
0.01907706307247281,0.01975233480334282
0.019043934647925198,0.01975245028734207
0.019043585867621005,0.01975235529243946
0.019057305995374918,0.01975240372121334
0.019011442782357335,0.019752399530261755
0.0190522198099643,0.01975240930914879
0.019034198252484202,0.019752375315874815
0.019033847842365503,0.019752529449760914
0.01908025413285941,0.01975245214998722
0.01900954346638173,0.01975240930914879
0.019044210901483893,0.019752478692680597
0.019059541984461248,0.019752508495002985
0.019088712753728032,0.019752527121454477
0.01904778857715428,0.019752503372728825
0.01903759443666786,0.019752460531890392
0.019054962671361864,0.019752513151615858
0.019005264854058623,0.01975242979824543
0.019029221730306745,0.019752406980842352
0.01904503593686968,0.01975246984511614
0.019028202979825437,0.01975241396576166
0.019022463471628726,0.019752482883632183
0.019061316270381212,0.019752464722841978
0.019064843538217247,0.01975241396576166
0.019085380947217345,0.01975233992561698
0.01905142259784043,0.01975234132260084
0.019042123458348215,0.019752379041165113
0.019035406061448157,0.019752466585487127
0.019093576818704605,0.01975247822701931
0.01902730856090784,0.019752437714487314
0.019078225013799965,0.019752451684325933
0.01906781317666173,0.01975241582840681
0.019038162427023053,0.019752446562051773
0.019030377850867808,0.019752422347664833
0.019067341461777687,0.019752411637455225
0.019059229409322143,0.019752432126551867
0.019060066668316722,0.01975241396576166
0.019030481344088912,0.01975237624719739
0.019070199690759182,0.019752333872020245
0.019073194009251893,0.019752392079681158
0.019017926999367774,0.019752376712858677
0.019057285506278276,0.01975239720195532
0.01903852412942797,0.019752352964133024
0.01904719485901296,0.01975240046158433
0.019053966156207025,0.019752355758100748
0.019060993450693786,0.01975239720195532
0.01903295039664954,0.019752482417970896
0.019003054476343095,0.019752432592213154
0.019034493598155677,0.019752425607293844
0.019064615829847753,0.019752347841858864
0.019030791940167546,0.01975229661911726
0.019025060813874006,0.019752314314246178
0.019032003823667765,0.019752176478505135
0.01902189664542675,0.019752148538827896
0.01900864008348435,0.019752128515392542
0.019051074399612844,0.019752102438360453
0.019046749803237617,0.019752261228859425
0.01907401403877884,0.019752212334424257
0.019068082561716437,0.019752147141844034
0.019068721681833267,0.019752131309360266
0.0190278539666906,0.019752140156924725
0.019014350487850606,0.019752264954149723
0.0190885221818462,0.019752291962504387
0.01902086997870356,0.01975222211331129
0.019035479170270264,0.01975224306806922
0.019012701115570962,0.019752209540456533
0.0190264763077721,0.019752217456698418
0.019047751557081938,0.019752271473407745
0.019011756987310946,0.019752289168536663
0.01908075693063438,0.019752344582229853
0.01907669159118086,0.01975231571123004
0.019040098879486322,0.019752351101487875
0.01910047000274062,0.019752345513552427
0.019066566601395607,0.019752335734665394
0.019011110765859485,0.01975231571123004
0.01903659920208156,0.019752347841858864
0.01906574284657836,0.019752325490117073
0.01909058087039739,0.019752527121454477
0.01903470605611801,0.01975248847156763
0.019086580374278128,0.01975247310474515
0.019039548933506012,0.019752363208681345
0.019043924403376877,0.019752303138375282
0.0190538588212803,0.019752356223762035
0.01902458316180855,0.019752285443246365
0.019033764488995075,0.0197523501701653
0.019036691752262414,0.019752401392906904
0.018991104792803526,0.01975228451192379
0.019048884510993958,0.01975234504789114
0.01900999282952398,0.019752364605665207
0.019067757413722575,0.019752394407987595
0.019070235430262983,0.019752382766455412
0.01905523450113833,0.019752276595681906
0.01906823052559048,0.019752266351133585
0.01903885428328067,0.019752224441617727
0.019049669499509037,0.019752352498471737
0.019039777107536793,0.01975224446505308
0.01903392281383276,0.019752313382923603
0.019083845894783735,0.019752314779907465
0.01902535662520677,0.01975227240473032
0.01906361512374133,0.019752311054617167
0.019042960135266185,0.019752297084778547
0.019027201109565794,0.01975230174139142
0.019053186988458037,0.019752235617488623
0.01908403169363737,0.019752201158553362
0.01904307643417269,0.019752268213778734
0.019062344217672944,0.01975227240473032
0.01902831275947392,0.019752171356230974
0.019028525333851576,0.01975230034440756
0.019012632546946406,0.019752202089875937
0.019016808830201626,0.01975220860913396
0.01902042084839195,0.01975217554718256
0.0190410572104156,0.01975228451192379
0.019103676546365023,0.019752260763198137
0.019090239889919758,0.01975230034440756
0.019052799558266997,0.019752261228859425
0.01905764569528401,0.019752283580601215
0.019015987520106137,0.01975232595577836
0.0190796188544482,0.019752311520278454
0.01904511742759496,0.019752351101487875
0.01901815878227353,0.019752262625843287
0.019020815612748265,0.019752264488488436
0.01912345108576119,0.019752202555537224
0.019022989319637418,0.01975226355716586
0.019068859633989632,0.01975226914510131
