train_rl2,test_rl2
7.64094777777791,2.6689907908439636
2.549951922148466,2.5891069173812866
1.3725251480937004,1.4341705441474915
0.49317412357777357,0.7077024877071381
0.7429357655346394,1.1733927726745605
0.7305476553738117,0.3958980217576027
0.504282234236598,0.4402306601405144
0.37932605389505625,0.4644753038883209
0.32916980516165495,0.22005124390125275
0.2763901064172387,0.1199265830218792
0.362307365052402,0.21310127526521683
0.21974664833396673,0.20104146748781204
0.3341869623400271,0.38033928722143173
0.6448524352163076,0.6073719710111618
0.6173028228804469,0.7277951538562775
0.6568448035977781,0.6728919595479965
0.6571518843993545,1.134716957807541
1.0014411956071854,0.5122426450252533
0.6298362771049142,0.3771986812353134
0.5228940504603088,0.49654634296894073
0.2988862693309784,0.24980604276061058
0.2792161535471678,0.1993354968726635
0.26555771101266146,0.32945437729358673
0.2823372967541218,0.16430376842617989
0.25132371857762337,0.3560751900076866
0.27662678388878703,0.12213221751153469
0.3895587222650647,0.4178321585059166
0.46815540827810764,0.6310397088527679
0.47037010733038187,0.268683098256588
0.33748793485574424,0.09149802848696709
0.22458946984261274,0.20966124534606934
0.23044641967862844,0.342856764793396
0.3979317247867584,0.07225238718092442
0.23734863474965096,0.1485743671655655
0.3769215657375753,0.28774120658636093
0.3849412160925567,0.7221803218126297
0.40293389465659857,0.07643320225179195
0.1815483095124364,0.18467804044485092
0.21575717953965068,0.12541516683995724
0.3026839243248105,0.396834097802639
0.37813655054196715,0.4303290992975235
0.3121093465015292,0.2059730738401413
0.18356295302510262,0.39190104603767395
0.2804643693380058,0.18629081174731255
0.211139764636755,0.25946319848299026
0.18999611353501678,0.21942996606230736
0.3086684220470488,0.2636174038052559
0.36056797858327627,0.2835412919521332
0.3506879871711135,0.5017991364002228
0.22523455880582333,0.1762598752975464
0.18749541277065873,0.10036555677652359
0.23476871335878968,0.30607279390096664
0.18259110860526562,0.05334611516445875
0.16939309565350413,0.16116837412118912
0.19496745825745165,0.3483666628599167
0.1874587368220091,0.18858619034290314
0.184500886593014,0.28196918964385986
0.1510858761612326,0.21533562242984772
0.15205777063965797,0.09997658804059029
0.13349949102848768,0.3005499169230461
0.2622775041963905,0.08954147808253765
0.3241631384007633,0.36418820172548294
0.3426609067246318,0.32376495748758316
0.328743452206254,0.2810821756720543
0.2871659607626498,0.08974776230752468
0.17360310815274715,0.17884616553783417
0.17376915970817208,0.15337994322180748
0.13559313490986824,0.21117579191923141
0.1707880694884807,0.19403323903679848
0.17247258871793747,0.22980961576104164
0.25495076132938266,0.520110510289669
0.20117914979346097,0.17394807934761047
0.1685945768840611,0.06667267717421055
0.1634729926008731,0.16982684656977654
0.06905841850675642,0.029856791254132986
0.03230484412051737,0.027331453282386065
0.01971100177615881,0.01591735240072012
0.019546339695807546,0.021782454568892717
0.019689252192620188,0.016543796751648188
0.019544671988114715,0.01315942662768066
0.013010403490625322,0.012811298482120037
0.015295550285372883,0.02022631699219346
0.019832113932352513,0.01576727000065148
0.013537450577132404,0.014168760040774941
0.016039465845096856,0.012727079214528203
0.011597801349125803,0.01116526685655117
0.010916156345047057,0.011323402868583798
0.015164073556661606,0.02456994727253914
0.018725326692219824,0.01637379894964397
0.018865070887841284,0.021014629863202572
0.019130984612274915,0.020605506841093302
0.01919026009272784,0.01765704993158579
0.01942907425109297,0.021084961481392384
0.018088849930791184,0.01625986909493804
0.01934469916159287,0.012102814391255379
0.021128438063897192,0.01092713256366551
0.010863097180845216,0.007575976196676493
0.018581932497909293,0.01859060814604163
0.019717256189323962,0.019184136763215065
0.020487840403802693,0.016964706126600504
0.01981091289781034,0.007988719269633293
0.017262980836676434,0.02991423010826111
0.0194478293415159,0.02853549038991332
0.017698852403555065,0.006446056300774217
0.024662191019160673,0.028939631301909685
0.033311968203634024,0.022145296912640333
0.03389171464368701,0.026919343508780003
0.018927670316770673,0.02481302944943309
0.016621335467789322,0.015377077972516418
0.010915337188635021,0.01591780222952366
0.010912833997281268,0.007230784161947668
0.016867830679984763,0.01731889322400093
0.019021797052118927,0.0250225979834795
0.030274650373030454,0.025505912024527788
0.03460017842007801,0.019488907419145107
0.03158093203091994,0.024186695460230112
0.019327880290802568,0.016335039399564266
0.019049603259190917,0.011649204418063164
0.018237191427033395,0.02172617893666029
0.01972274441504851,0.023563760332763195
0.02344631843152456,0.046257179230451584
0.027563083509448916,0.013664377620443702
0.016661141853546724,0.018489944748580456
0.018847727042157203,0.02507261000573635
0.01944753370480612,0.031886089127510786
0.015863554377574474,0.00510988209862262
0.006906247785082087,0.004894530866295099
0.005241375620244071,0.004912512027658522
0.004853545629885048,0.004684500745497644
0.00465751756564714,0.004664634121581912
0.004631301533663645,0.004644402419216931
0.0046197668998502195,0.004642642685212195
0.004593176970956847,0.004610370728187263
0.004587450035614893,0.004592019133269787
0.004565615730825812,0.00460069952532649
0.004552303871605545,0.004561054869554937
0.004544286988675594,0.004550405777990818
0.00451784857432358,0.004525459720753133
0.0044911087898071855,0.00451044924557209
0.0045054040383547544,0.004493766347877681
0.0044672454096144065,0.004476574948057532
0.004452700610272586,0.004460104159079492
0.004440862307092175,0.004454384557902813
0.004423035745276138,0.004435904789716005
0.004420382931130007,0.00442409492097795
0.0043948523089056835,0.004407446947880089
0.004376424723886885,0.0043939827010035515
0.004378066980279982,0.004369629896245897
0.004352351403213106,0.004358233534730971
0.004324211768107489,0.004348520888015628
0.004321936256019399,0.004327301983721554
0.004306730843381956,0.004309316631406546
0.004290011100238189,0.004302819375880063
0.004270812481991015,0.0042774457251653075
0.004254033075994812,0.004274193197488785
0.004259541994542815,0.004254269413650036
0.004294302751077339,0.004237225279211998
0.004223329728120007,0.004219366703182459
0.00417829368961975,0.004208171973004937
0.004169789302977733,0.0041766962967813015
0.004153868067078292,0.004163423727732152
0.0041418019973207265,0.0041535969357937574
0.004120659432373941,0.004142838704865426
0.0041127407166641206,0.0041693083476275206
0.004129260400077328,0.0041261944570578635
0.0040833574457792565,0.004101095662917942
0.004067397690960206,0.004077066667377949
0.004077976016560569,0.004064980428665876
0.004085778506123461,0.004058876074850559
0.004039168095914647,0.004027741204481572
0.004029203642858192,0.00402448425302282
0.003993374280980788,0.0039921029238030314
0.003989162185462192,0.003965205512940884
0.003941703675081953,0.003949637175537646
0.003938848647521809,0.003930120845325291
0.003907031583366916,0.003919036244042218
0.003885460420860909,0.003935459477361292
0.003901214324287139,0.0038932038005441427
0.003909753475454636,0.0038738800794817507
0.0038486982957692817,0.003849657834507525
0.0038433712761616334,0.0038257280830293894
0.0038629929185844958,0.003829668159596622
0.0038073957985034212,0.003803368774242699
0.00379807292483747,0.003869123524054885
0.003852074922178872,0.0037835600087419152
0.003822669925284572,0.0037634692853316665
0.003845920058665797,0.003913888416718692
0.003880461779772304,0.00378072343301028
0.003889385421643965,0.003728472045622766
0.003738313273061067,0.003722978406585753
0.003712187157361768,0.00367569993250072
0.0036821855028392747,0.0036701433127745986
0.0036566462949849665,0.003658538043964654
0.003685752846649848,0.003645271703135222
0.003613313630921766,0.0036274155136197805
0.0036969912762288004,0.003790594346355647
0.0037467289221240208,0.003831764915958047
0.0037649169826181605,0.0036996108829043806
0.0036099505377933383,0.0035787655506283045
0.003703573253005743,0.0036346090491861105
0.0036892268544761464,0.003708337724674493
0.0037427905335789546,0.003570129512809217
0.0036636749136960134,0.003647626144811511
0.003690300334710628,0.003718515858054161
0.0042274558218196034,0.004858817672356963
0.004386324158986099,0.0037837015697732568
0.003759429673664272,0.003583183861337602
0.00393489513953682,0.005272771348245442
0.004389872643514536,0.004191279120277613
0.004187497455859557,0.0035609161714091897
0.003537997923558578,0.0033784882980398834
0.0034189739380963147,0.0034329970367252827
0.0033737578050931916,0.00335129868471995
0.003439084146521054,0.0034112378489226103
0.0036252271966077387,0.005445234011858702
0.00439672359789256,0.005434665246866643
0.003988229393144138,0.0033896738314069808
0.0034283845161553472,0.003358605259563774
0.003415069033508189,0.0032590499031357467
0.0035139984247507527,0.0034074795548804104
0.003318651593872346,0.003267127729486674
0.003282426405348815,0.0032359551987610757
0.003250917114201002,0.0033527404884807765
0.0032698209397494793,0.0034752365900203586
0.003229564710636623,0.003240784222725779
0.0032985176803776994,0.0032725713681429625
0.0031480054603889585,0.0032443952513858676
0.003162382505252026,0.0032269274233840406
0.0032287120557157323,0.0031534332083538175
0.0031981849315343425,0.0031207650899887085
0.0031681344989920035,0.003439335501752794
0.003492467454634607,0.004954575444571674
0.004447446626727469,0.004097327240742743
0.0044443468359531835,0.0039328610873781145
0.004134024784434587,0.005403892602771521
0.004392261253087781,0.004292874597012997
0.004498847803915851,0.004322135122492909
0.004663373125367798,0.003427404153626412
0.004186490419670008,0.003300818905699998
0.0042299703491153196,0.004644428030587733
0.00411000830354169,0.003216456971131265
0.003926461067749187,0.004037343431264162
0.0037732470664195716,0.003128061129245907
0.0030651171546196565,0.0029842660296708345
0.0031814141548238695,0.003605628851801157
0.0032490336016053334,0.004046774993184954
0.0041308098152512684,0.0034811990917660296
0.004027411516290158,0.004470873158425093
0.003689203120302409,0.0030218333704397082
0.0030524683970725164,0.0029234716203063726
0.003018487725057639,0.003447568160481751
0.0033208090608241037,0.0029417150071822107
0.0037058395391795784,0.0033614960266277194
0.0031110512354644015,0.00328153622103855
0.0031246642174664885,0.003142094414215535
0.0032490657758899033,0.003015113645233214
0.0030660174088552594,0.003097748616710305
0.0030282059306045994,0.003001613134983927
0.003004002559464425,0.0033056032261811197
0.002954098556074314,0.002783613686915487
0.002934943971922621,0.003070693521294743
0.002981341880513355,0.0028387733618728817
0.0030617289448855445,0.0029563098796643317
0.0030384064884856343,0.003128891927190125
0.002942086532129906,0.0029016119660809636
0.003013429741258733,0.0027619063039310277
0.004579155604005791,0.00350925320526585
0.004151173256104812,0.0028696630615741014
0.0031896441796561703,0.0034548930125311017
0.003077947738347575,0.003758293343707919
0.0042197762813884765,0.003540980047546327
0.0033307591947959736,0.003242482664063573
0.0028981414361624047,0.0026114063803106546
0.0028625561972148716,0.002721571538131684
0.0028301944985287264,0.0027974893455393612
0.0028122362127760425,0.002906677022110671
0.0028955296729691327,0.0026433640741743147
0.0028483238129410893,0.0025926692760549486
0.0028621815727092326,0.002581651322543621
0.0030923317099222913,0.0027491115033626556
0.0038871769211255014,0.003568155283574015
0.0037130141572561115,0.004952476592734456
0.00402480638877023,0.004613884259015322
0.004384277417557314,0.007654314627870917
0.006706545944325626,0.005556766875088215
0.006302616719040088,0.006315078237093985
0.004976353622623719,0.005581058911047876
0.004006169372587465,0.002584411355201155
0.003463548346189782,0.0030605102074332535
0.002879984094761312,0.004488914855755866
0.003999091481091455,0.004218515008687973
0.003930120699806139,0.004080068087205291
0.0037809279310749844,0.004632036667317152
0.0032480165973538533,0.0026742698973976076
0.0025991846341639757,0.0027205225196667016
0.002848486488801427,0.003340118390042335
0.00292237893154379,0.003335141751449555
0.0028343259618850425,0.0025448870728723705
0.0026997213280992582,0.0024401337723247707
0.0026547859160928056,0.0024606530205346644
0.002591233263956383,0.0027138881850987673
0.002585391004686244,0.002618412603624165
0.0025166047707898542,0.0024858919205144048
0.0024643428914714605,0.0024112321552820504
0.0030616819130955264,0.005680771078914404
0.0036244116781745106,0.0025114453164860606
0.0038386954402085394,0.0033997369464486837
0.003489467882900499,0.003788921399973333
0.004733048393973149,0.004630066221579909
0.005758562809205614,0.003927137062419206
0.003178761398885399,0.002449136634822935
0.0036484832962742075,0.003114532621111721
0.0036178045120323077,0.0031599781941622496
0.0026448033313499764,0.002671333961188793
0.002714902482694015,0.0025011281250044703
0.0024276263429783285,0.0023971765185706317
0.0024158482119673863,0.0033537003328092396
0.0030501647997880355,0.0038338485173881054
0.003639923845184967,0.0023321527405641973
0.0034771283390000463,0.0030078485142439604
0.0033550981752341613,0.004099544137716293
0.003646928642410785,0.0032321043545380235
0.0037771720526507124,0.004304942558519542
0.0036653298884630203,0.003313452238216996
0.0035850954882334918,0.004956873366609216
0.0035694854595931247,0.003360427974257618
0.0035461591905914247,0.003924933087546378
0.003503830506815575,0.00275753706227988
0.0037252185720717534,0.003087530843913555
0.0025120033969869837,0.002536089683417231
0.0031330725614679977,0.005554432515054941
0.0038467822450911626,0.0032775630243122578
0.003591996122850105,0.002479038666933775
0.0027332955796737224,0.002483596559613943
0.003491301875328645,0.004180699936114252
0.0035067005519522354,0.003675984626170248
0.003465653207967989,0.0032088402076624334
0.003033885237528011,0.0023388599511235952
0.002391069894656539,0.0022447267547249794
0.0022172399767441675,0.002532036683987826
0.0023207906197058037,0.002180092560593039
0.0024078707356238738,0.0029943391564302146
0.002677578493603505,0.0035046166158281267
0.003493506839731708,0.0029418504564091563
0.0034800863650161773,0.003530303481966257
0.0028348710329737514,0.0021814649808220565
0.002462274882418569,0.0022769937058910728
0.0036183531919959933,0.004127111518755555
0.003572514935513027,0.0029662486631423235
0.0034984075173269957,0.0038610543124377728
0.00285567574610468,0.0025900747277773917
0.002423024896415882,0.002638020843733102
0.002565027833043132,0.0022292264038696885
0.0029233007226139307,0.0035019805654883385
0.003454198158578947,0.003787555149756372
0.0036664043145719916,0.0024603187339380383
0.002517315500881523,0.003933717089239508
0.0035503168764989823,0.002599367522634566
0.0034849892399506643,0.00324390921741724
0.003414756545680575,0.003768423048313707
0.0034609201102284715,0.004383809166029096
0.003577229770598933,0.004431985435076058
0.003094633691944182,0.0022265049046836793
0.002276109647937119,0.002167182043194771
0.0020919534217682667,0.002055076853139326
0.0020280543321860023,0.0020174277597106993
0.0020154069061391056,0.0020232422393746674
0.0020164516390650533,0.0020156485843472183
0.002005519054364413,0.00201104290317744
0.0019968748747487552,0.00201547026517801
0.002001046021177899,0.0020170228090137243
0.0019977564734290354,0.002017328515648842
0.002009815987548791,0.0020102198468521237
0.0019905748777091503,0.0020529527100734413
0.002001832333917264,0.0020100034889765084
0.0020079689056728967,0.0020222796592861414
0.002006486007303465,0.0020060287788510323
0.001991126293432899,0.002007035247515887
0.0019869644893333316,0.0020126401213929057
0.0019891509218723513,0.0020116414525546134
0.002005998569075018,0.0020308291423134506
0.0019966946201748215,0.0020026792190037668
0.0020089041063329205,0.0020249766239430755
0.0019966330291936174,0.002020658226683736
0.0019858683954225853,0.002003531699301675
0.0019927585526602343,0.00200069259153679
0.0019955404713982716,0.002001587999984622
0.0019947333494201303,0.00200067347032018
0.001984644724871032,0.00201858562650159
0.0019931834322051145,0.002011010976275429
0.0019869731113431044,0.00199577264720574
0.0019802242022706196,0.0019981576479040086
0.0019878709863405675,0.001995959668420255
0.0019820823436020873,0.001994956925045699
0.0019800944210146554,0.002012581884628162
0.0019815900232060812,0.001994641905184835
0.0019821318492176943,0.0019934838637709618
0.0019762015290325508,0.001995126891415566
0.0019764259850489907,0.001995396218262613
0.001975931372726336,0.00199428026098758
0.001977714753593318,0.0019996575138065964
0.0019724195226444863,0.0019925095548387617
0.0019730887506739236,0.00199308103765361
0.0019756622568820603,0.0019886106601916254
0.00197519102221122,0.0019867561059072614
0.0019812107930192724,0.0019934269366785884
0.0019713535002665594,0.001986911811400205
0.0019721293792827055,0.001987556228414178
0.001986383977055084,0.002059120510239154
0.0019831726094707847,0.0019842335605062544
0.001972218931769021,0.001984725327929482
0.0019641052567749284,0.0019858547602780163
0.0019643569976324216,0.001983245223527774
0.0019617649086285383,0.001980962581001222
0.0019704631486092694,0.001982905581826344
0.0019695699447765946,0.001980796572752297
0.0019649342575576156,0.0019892247510142624
0.001996121689444408,0.001982814574148506
0.0019684359795064665,0.0019778627320192754
0.001957140375452582,0.001982644578674808
0.001955422747414559,0.0019812576356343925
0.001960786699783057,0.0020053047337569296
0.001975865838176105,0.0019914759905077517
0.001965495219337754,0.001973145263036713
0.0019611752359196544,0.0019784693722613156
0.001962961207027547,0.001976238621864468
0.0019567154740798287,0.001985355280339718
0.0019628227528301068,0.0019762235460802913
0.0019519059860613197,0.0019837354484479874
0.001960427929589059,0.0019852876430377364
0.0019569544383557513,0.001971426245290786
0.0019627077053883113,0.001971847901586443
0.001953931416210253,0.001979381951969117
0.001956018357304856,0.001982660498470068
0.001957606269570533,0.001965333882253617
0.0019571413577068597,0.0019805047486443073
0.00196941097965464,0.0019779604917857796
0.0019574407415348105,0.001973221980733797
0.0019619317245087586,0.001981680979952216
0.001964996430615429,0.001970705488929525
0.001971479789062869,0.0019691234920173883
0.001954821651452221,0.0019640993559733033
0.0019555431354092434,0.0019616274221334606
0.001970347664610017,0.0019616264034993947
0.0019642135448521003,0.002043409476755187
0.0019552543744794093,0.0019832183606922626
0.001965170849871356,0.001965240837307647
0.001957842156116385,0.0019732934306375682
0.0019467285019345582,0.001961982692591846
0.0019552573648979887,0.0020104900177102536
0.0019693138528964482,0.0019652904011309147
0.001960809691809118,0.0019637400982901454
0.0019754861714318395,0.002011918288189918
0.0019853454068652354,0.0019889770774170756
0.0019602103348006494,0.001990372809814289
0.0019712046487256885,0.0019590018200688064
0.0019652986084111035,0.001963339396752417
0.0019440099204075523,0.0019509582198224962
0.00197316195408348,0.001948108954820782
0.0019599215665948577,0.0019921087368857116
0.0019359132493264042,0.0019438339222688228
0.0019391254900256172,0.0019520010973792523
0.0019444782519713044,0.002003026893362403
0.0019669410612550564,0.001957619213499129
0.001984281974728219,0.001963047659955919
0.0019481740673654713,0.0019551942532416433
0.0019396406642044894,0.0019440649775788188
0.001960354122275021,0.0019448509556241333
0.001961768495675642,0.00196696724742651
0.001974635699298233,0.002014652593061328
0.0019560722066671588,0.0019451972329989076
0.0019413731206441298,0.001977157313376665
0.0019466494195512496,0.0019501704082358629
0.0019726554164662957,0.0020907063444610685
0.001997430961637292,0.00199827752658166
0.0019782974995905533,0.0019390908419154584
0.0019568354764487594,0.0020024803234264255
0.0019752646621782333,0.001998125546379015
0.00195885325956624,0.0019994803878944367
0.0019769846403505653,0.0019629477756097913
0.0019517490291036665,0.0019292640499770641
0.0019204325217287987,0.0019266456365585327
0.0019076886455877684,0.0019318662234582007
0.0019246797310188413,0.001925464574014768
0.0019132664165226743,0.0019905223161913455
0.0019292769429739565,0.0019223582930862904
0.001903589531139005,0.0019238801905885339
0.0019066606255364604,0.0019254352955613285
0.0019010281030205078,0.0019211015605833381
0.001903523036162369,0.0019275556842330843
0.0018955648483824916,0.0019173847103957087
0.0019079510966548696,0.0019165200938005
0.0018939505389425904,0.0019144809630233794
0.001898746020742692,0.0019100461795460433
0.0018913299427367747,0.0019106619292870164
0.0018896315741585568,0.00191581915714778
0.001901299096061848,0.0019100710633210838
0.0018892860898631625,0.0019060960330534726
0.0018881350697483867,0.0019093585142400116
0.0018824234139174223,0.0019043536158278584
0.0018943786053569056,0.0019201230315957218
0.0019098046323051676,0.0019007078954018652
0.0018896952387876809,0.0019103784288745373
0.0018883373195421882,0.0019054979784414172
0.001878425340692047,0.0019050779519602656
0.0018800295874825679,0.0019059214682783931
0.0018893507367465645,0.001902085292385891
0.00187118818575982,0.0018951401580125093
0.0018816233132383786,0.0018964553019031882
0.001865493701188825,0.0018908797937911004
0.0018708090792642906,0.0018924814648926258
0.001889227525680326,0.001893557549919933
0.001873093337053433,0.001895205961773172
0.0018752061514533125,0.0018865272868424654
0.0018651476639206521,0.0018895201792474836
0.0018668055781745352,0.0018845079466700554
0.001864689082140103,0.001882263459265232
0.0018645495802047662,0.0018818957614712417
0.0018668984266696498,0.001880212890682742
0.0018626744422363117,0.0018789238529279828
0.001863903868070338,0.0018773530318867415
0.0018519809891586192,0.0018766572466120124
0.0018607512683956884,0.0018828456522896886
0.0018623329160618596,0.001885353762190789
0.001867784587375354,0.0018881227006204426
0.001858872317825444,0.0018843945290427655
0.0018663507362361997,0.0018857267568819225
0.0018640367925399914,0.0018803591665346175
0.0018547395011410117,0.0018773679912555963
0.0018515256961109117,0.0018728170834947377
0.0018608433965709992,0.0018697750056162477
0.0018463079468347132,0.0018663399678189307
0.0018496677148505114,0.0018673974846024066
0.0018562834084150381,0.0018657934851944447
0.0018509112633182667,0.0018740736413747072
0.001843683494371362,0.001868402905529365
0.0018435449819662608,0.0018654188024811447
0.0018477435733075254,0.001876387366792187
0.0018440051790094003,0.0018701674125622958
0.0018458123231539503,0.001864989724708721
0.0018405716618872248,0.0018570789834484458
0.0018478815472917631,0.001860558259068057
0.0018334349661017768,0.001867464859969914
0.0018448147166054696,0.001857142400695011
0.001844268845161423,0.0018700836517382413
0.0018352555052842945,0.0018568900995887816
0.0018350283498875797,0.0018524274055380374
0.0018327180223423056,0.0018486603221390396
0.0018340531823923811,0.0018666442192625254
0.0018352516781305894,0.0018499491561669856
0.0018421350250719115,0.0018489213252905756
0.0018413280995446257,0.0018531729001551867
0.0018876848189393058,0.0018969097291119397
0.0018811114423442632,0.0018506120541132987
0.001838249430875294,0.0018615802691783756
0.0018437046601320617,0.0018636186432559043
0.00184014871774707,0.0019254947255831212
0.001879228322650306,0.0018655971507541835
0.0018303302058484405,0.0019164432887919247
0.0018276536575285718,0.0018545122584328055
0.0018414939768263139,0.001839518896304071
0.001858410658314824,0.0019105768005829304
0.0018452751683071256,0.0018335258937440813
0.0018222348589915782,0.0019188686273992062
0.001837656061979942,0.0018302001408301294
0.0018197761091869324,0.001867842220235616
0.0018163146960432641,0.0018349829770158976
0.0018243674421682954,0.0018587304803077132
0.0018507319764466956,0.0018426102760713547
0.0018637762768776156,0.001909732905915007
0.001911286213726271,0.0018785279244184494
0.0018236666219308972,0.0018266036931890994
0.001824422797653824,0.0018291942542418838
0.0018308323342353106,0.0019182476389687508
0.0018458221238688566,0.0018337235087528825
0.0018148516610381193,0.001842249883338809
0.0018419577172608115,0.0018505689513403922
0.0018128470401279628,0.0018294366309419274
0.0018216708631371148,0.0018230655987281352
0.0018171682822867297,0.001829626940889284
0.0018320200688322075,0.0018531703390181065
0.0017958382013603114,0.001816948177292943
0.0017987777246162295,0.0018276119662914425
0.0018037655172520317,0.0018135358404833823
0.0018043555901385844,0.0018518533615861088
0.0018248959095217288,0.0019104262173641473
0.0018444821616867557,0.001811446709325537
0.001808175140467938,0.0018299481307622045
0.0017992268112720922,0.001808571076253429
0.0017831633958849125,0.0018047730554826558
0.0017878788712550886,0.0018085854535456747
0.0017931305264937691,0.0018117485742550343
0.0017897726356750354,0.0018048344063572586
0.001784190724720247,0.0018054625834338367
0.0017876879792311229,0.0018114337872248143
0.0017757631139829755,0.0018053353123832494
0.0017798432527342811,0.0017985449521802366
0.001813747665437404,0.0018188363465014845
0.0018803778002620675,0.0019559823267627507
0.0018614776927279308,0.0018934397667180747
0.0018439401392242871,0.0018560282478574663
0.0018084231196553446,0.0018079261935781687
0.0017920137688633986,0.001793466362869367
0.001781882434443105,0.0017952077323570848
0.0017998082548729144,0.0017931376642081887
0.0017907421934069134,0.0018341895483899862
0.0017928559318534099,0.0018235102470498532
0.0017942618651431985,0.001798598503228277
0.0017674684058874846,0.0017843169043771923
0.001779445810825564,0.0018011196807492524
0.00177094111131737,0.001790023292414844
0.0017740782059263438,0.001798227778635919
0.0017589810595382005,0.0017804325907491148
0.001752888500050176,0.001779242738848552
0.0017602765728952363,0.0017769992700777948
0.0017551036435179412,0.0017767493263818324
0.0017607690460863523,0.0017920223472174257
0.001781110026058741,0.00178370185312815
0.0017645304396864958,0.0017874355835374445
0.0017572932338225655,0.0017761978961061686
0.0017531133562442847,0.0017767683020792902
0.0017579355917405337,0.0017688796506263316
0.0017520051696919836,0.001780779246473685
0.0017826173570938408,0.0017818009364418685
0.001751097253873013,0.0017728970560710877
0.0017667518404778093,0.0018119442975148559
0.0017758909816620871,0.0017805396055337042
0.0017515904546598904,0.0017674669215921313
0.0017430510415579192,0.0017650485970079899
0.0017403795791324228,0.001767934882082045
0.001746497153362725,0.001767644687788561
0.0017485289863543585,0.0017633598763495684
0.0017451481180614792,0.0017582380678504705
0.0017370669447700493,0.0017654233670327812
0.0017310287948930636,0.0017559041152708232
0.0017293111304752529,0.0017583419103175402
0.001742174179526046,0.0017620021535549313
0.0017368070330121554,0.0017649088986217976
0.0017341010243399069,0.0017576205136720091
0.0017360476776957512,0.0017580068961251527
0.0017297623853664845,0.0017539930995553732
0.0017272666227654554,0.0017493669292889535
0.0017308240858255886,0.001762354833772406
0.0017361626378260553,0.0017539284599479288
0.001732893470034469,0.0017590844072401524
0.0017274471974815242,0.0017597120604477823
0.0017227290300070308,0.0017483444244135171
0.0017258461593883112,0.0017683689948171377
0.0017660517842159607,0.0017526706214994192
0.0017326596935163252,0.0017549280019011348
0.001741113155731,0.001739386934787035
0.0017186452896567062,0.0017494765925221145
0.001728561932395678,0.001739493163768202
0.0017270988610107452,0.0017506915901321918
0.001713924422801938,0.0017390575376339257
0.0017210473233717494,0.0017351254064124078
0.0017215312545886263,0.0017876803467515856
0.0017536185550852679,0.0017692727269604802
0.0017222689930349588,0.0018065221374854445
0.00175955882150447,0.001766481640515849
0.001760645529429894,0.00184266158612445
0.0017456499626860023,0.0017750912229530513
0.0017598455233382992,0.0017723804921843112
0.0017491655598860234,0.0017724599165376276
0.0017352901268168353,0.001737752027111128
0.0017257352883461863,0.001740962587064132
0.0017203978350153193,0.0017430699663236737
0.0017249227457796223,0.0017950282199308276
0.001725517497106921,0.0017403036181349307
0.0017127455066656694,0.0017354093142785132
0.001718020037515089,0.001731441356241703
0.0017229750228580087,0.0017387393745593727
0.001709425290755462,0.0017396779439877719
0.0017014550103340298,0.0017225802585016936
0.001701723325822968,0.001738109567668289
0.0017114243310061283,0.00173752021510154
0.0017039494414348155,0.0017221297894138843
0.001699035165074747,0.0017165864410344511
0.0016935459716478363,0.0017209192155860364
0.001687758594925981,0.0017217671556863934
0.001688947893853765,0.0017107723688241094
0.001696785693638958,0.0017138886614702642
0.001690786833933089,0.001711692602839321
0.0016827166109578684,0.0017092231137212366
0.0016984664398478344,0.0017399090866092592
0.0017135052548837848,0.001733427430735901
0.0017270299576921389,0.0019415150745771825
0.0017336080491077155,0.0017924502026289701
0.001702371817373205,0.0017105475708376616
0.0016960991197265685,0.0017077314550988376
0.0017245100752916187,0.0017630655493121594
0.0017140069539891556,0.0017130616179201752
0.0017534873113618232,0.0017538145766593516
0.0017243792754015885,0.0017053447954822332
0.0016960187203949317,0.0017304921057075262
0.0016933800434344448,0.0017305571818724275
0.0017231631063623354,0.0017190291837323457
0.0017106731538660824,0.0017362665967084467
0.0016998250721371733,0.0017371758876834065
0.0016815960552776232,0.0017119455733336508
0.0016779430807218887,0.0017240540473721921
0.001704977265035268,0.0017490350874140859
0.0017077089942176826,0.0016990760050248355
0.0016912841019802727,0.0017535794177092612
0.0017141180505859666,0.0017733754066284746
0.0017342249338980764,0.0017114499642048031
0.001758640974003356,0.0017026029527187347
0.0017657807693467475,0.001715312828309834
0.0016882456038729288,0.001718915649689734
0.001676898609730415,0.001704406167846173
0.001693771599093452,0.0017175247194245458
0.0016740774444770068,0.0017994384688790888
0.0017647935237619095,0.0018578829185571522
0.0018009207851719111,0.001937911903951317
0.0017678919102763757,0.001765401364536956
0.0017225382616743445,0.0018246705876663327
0.0017401646327925846,0.0016926702810451388
0.001721045839076396,0.0016850046813488007
0.0016653868078719825,0.001680989924352616
0.0017006079942802899,0.0017318901955150068
0.0016845520658534952,0.0017049264279194176
0.001668936514761299,0.0016805639024823904
0.0016812109824968502,0.0016854283749125898
0.0016594773114775307,0.001686822361079976
0.0016690481133991852,0.00169361088774167
0.0016749169153627008,0.0017420460935682058
0.0016708608382032253,0.0017162567237392068
0.0016652272679493763,0.0016752486990299076
0.0016644338829792105,0.0016894005239009857
0.001647364733798895,0.001675106817856431
0.0016476037708343938,0.0016800315643195063
0.001661529837292619,0.0016825035272631794
0.0016733829761506058,0.001704740250715986
0.0016785878833616152,0.0016720426501706243
0.0016474826916237362,0.001682704983977601
0.0016479544137837365,0.0016705309390090406
0.0016519001583219506,0.0016771660593803972
0.0016658925451338291,0.0016725629393476993
0.0016484923107782379,0.0016695642261765897
0.0016488936307723634,0.0016686938470229506
0.001635909044125583,0.0016715491947252303
0.0016459169128211215,0.0016878246096894145
0.0016463131250930019,0.0016645535069983453
0.001643575553316623,0.0016601387760601938
0.0016384488189942203,0.001665873045567423
0.0016354717590729706,0.0016688293253537267
0.0016378039872506633,0.001671039266511798
0.0016543336896575056,0.0016593471227679402
0.0016542530502192676,0.0016589874867349863
0.0016483303843415342,0.0016688367759343237
0.0016585127013968304,0.0016559790528845042
0.0016390039527323097,0.001667599572101608
0.001642994728172198,0.0016591069288551807
0.0016359224391635507,0.001681035995716229
0.0016444159773527645,0.0016623781702946872
0.0016402998007833958,0.0016957625339273363
0.0016608252190053463,0.0017483470146544278
0.0016737411133362912,0.0017416742630302906
0.0016875250366865657,0.0016690654156263918
0.0016463965293951333,0.0016542684461455792
0.001628216210519895,0.0016508432454429567
0.0016290933490381576,0.0016639170644339174
0.0016399844898842275,0.0016486571985296905
0.001623201089387294,0.0016545498801860958
0.001633877182030119,0.0016523641534149647
0.0016238471216638573,0.0016511016001459211
0.0016505733437952586,0.001657579094171524
0.0016455539080197923,0.0016451188130304217
0.0016376289349864237,0.0016477539320476353
0.0016132790406118147,0.0016424549685325474
0.0016239764081547037,0.0017063479463104159
0.0016549771607969888,0.0017427006969228387
0.0016536060720682144,0.001669548189966008
0.0016528189953533001,0.0016697343089617789
0.0017561165659571998,0.0017166042234748602
0.0016729961498640478,0.0017623435123823583
0.001655266976740677,0.001674677332630381
0.0016454228971269913,0.0017428291030228138
0.0017434445180697367,0.0016790444205980748
0.0016764942556619644,0.0016672364436089993
0.0016227380183408968,0.0016397459257859737
0.0016126318878377788,0.0016755973047111183
0.0016298663613270037,0.0016875349392648786
0.0017331518756691366,0.0016754257667344064
0.0017083784259739332,0.0016503985971212387
0.0016431369149358943,0.0016556965711060911
0.0016269655607175082,0.0016508085536770523
0.0016170043454621918,0.0016389268566854298
0.001615067827515304,0.0016461574705317616
0.001613920263480395,0.0016569561266805977
0.0016167547655641101,0.001637576729990542
0.001617794026969932,0.001639697002246976
0.001613284373888746,0.001642323361011222
0.001601573807420209,0.0016241849807556719
0.001607632206287235,0.0016237685340456665
0.0015991856271284632,0.00163071250426583
0.0015929819346638396,0.001638220390304923
0.0015968926381901838,0.0016259597905445844
0.0016107406918308698,0.001647358265472576
0.001606632533366792,0.0016260913107544184
0.0015912404851405881,0.0016249086474999785
0.0016147020069183782,0.0016249416512437165
0.0016026004232116975,0.0016184700943995267
0.001612995758478064,0.0016611876199021935
0.0016209638415602967,0.0016906238161027431
0.001647792108997237,0.0016313320375047624
0.0015965317652444355,0.0016420931497123092
0.0016380392335122451,0.0019611075695138425
0.0018480558501323685,0.0017969088512472808
0.0016691660712240264,0.0016243380669038743
0.0016117385821416974,0.001638284942600876
0.0016574718902120367,0.001632047409657389
0.0016554353205719963,0.001655545289395377
0.0017710712345433421,0.0017041940591298044
0.001725446833006572,0.0018069727811962366
0.0017391946312272921,0.001709284755634144
0.001710447366349399,0.0016639901441521943
0.001618682174012065,0.0017315120494458824
0.0017151373758679256,0.001770417409716174
0.0016892779603949748,0.0017057977674994618
0.0017144845842267387,0.0017938063247129321
0.0016875063083716668,0.0017330582777503878
0.0016702717985026538,0.0016772794479038566
0.0016189633315661922,0.0016266829043161124
0.0015922364545986056,0.0016107659321278334
0.0015816513187019154,0.0016080067434813827
0.0015753626066725701,0.001608395396033302
0.0015808200623723678,0.0016083072987385094
0.0015767408622195944,0.0016065559757407755
0.001582661221618764,0.001606767444172874
0.0015777999942656606,0.0016066216048784554
0.0015774517960380763,0.001607256825082004
0.001579210023919586,0.0016054347797762603
0.0015677152550779283,0.0016048347169999033
0.0015752169856568798,0.0016059483459684998
0.0015729535080026835,0.0016053910658229142
0.0015758476365590468,0.0016051538987085223
0.001575358648551628,0.001605070981895551
0.0015741824099677615,0.0016065131349023432
0.001574947513290681,0.0016121680091600865
0.0015716600028099492,0.0016065021918620914
0.0015684022655477747,0.001604435732588172
0.0015772116530570202,0.0016060361231211573
0.0015758180088596418,0.001604951568879187
0.0015826569288037717,0.001605942758033052
0.001575624046381563,0.0016053082363214344
0.0015753290281281807,0.0016090892313513905
0.0015744078118586913,0.001604704710189253
0.0015757632354507223,0.001604443765245378
0.0015801821427885443,0.0016055632731877267
0.0015790155230206437,0.0016061105125118047
0.001576799935719464,0.0016061257047113031
0.0015804903887328692,0.0016070593264885247
0.0015803248825250193,0.0016071779245976359
0.001581238080689218,0.0016074215818662196
0.0015801582048879936,0.0016045432421378791
0.0015843157743802294,0.001607357495231554
0.0015832058634259738,0.0016040634363889694
0.0015774486237205565,0.0016055763408076018
0.0015755450222059153,0.0016097871121019125
0.0015795609360793605,0.0016051273269113153
0.0015784377756062895,0.0016077130276244134
0.001577253729919903,0.0016047016833908856
0.0015768999946885742,0.0016055558517109603
0.0015740884045953862,0.00160555329057388
0.0015781091060489416,0.0016046625678427517
0.0015764470299473032,0.001605755154741928
0.0015781195324962027,0.0016057871689554304
0.0015706465419498272,0.0016056453459896147
0.001578086827066727,0.0016062924114521593
0.00158050700702006,0.0016063427028711885
0.0015750297898193821,0.0016102863592095673
0.0015805172370164655,0.0016052070714067668
0.0015766069773235358,0.0016044470248743892
0.0015794587234267965,0.0016035406442824751
0.0015769021774758585,0.0016068523982539773
0.0015752512772451155,0.0016043965297285467
0.001578648509166669,0.0016060138295870274
0.0015783788767294027,0.0016096130129881203
0.0015741724346298724,0.0016067106917034835
0.0015788545060786419,0.0016042038623709232
0.0015804325739736669,0.0016082441143225878
0.0015756053981021978,0.001604905497515574
0.001575272013724316,0.0016046627424657345
0.0015852749711484648,0.0016077708278317004
0.00157791002857266,0.0016059860936366022
0.0015791451587574556,0.001606205099960789
0.0015795368599356152,0.0016059758490882814
0.0015783749258844182,0.001606488338438794
0.0015791636615176685,0.0016073256556410342
0.0015751102546346374,0.0016031109262257814
0.0015791283731232397,0.001609161146916449
0.0015707295315223746,0.0016030207043513656
0.0015828773102839477,0.001607247453648597
0.001581615986651741,0.001604282617336139
0.0015744263582746498,0.0016036207089200616
0.001581524295033887,0.0016048837278503925
0.001568863051943481,0.0016078576154541224
0.0015766977303428575,0.0016077634354587644
0.0015784848874318413,0.001609118131455034
0.0015841551721678115,0.001608052261872217
0.0015746644494356588,0.0016202956321649253
0.001573933033796493,0.0016057876055128872
0.0015799235916347243,0.0016072863945737481
0.0015743122203275561,0.0016167868743650615
0.001578568793775048,0.0016029184334911406
0.001572916895383969,0.0016019189497455955
0.001580705495143775,0.0016005084617063403
0.001572022825712338,0.001599160983460024
0.0015696273403591476,0.0016050425474531949
0.001573260800796561,0.0016017809102777392
0.0015762382608954795,0.0016031005652621388
0.001575565940584056,0.0015998489689081907
0.0015741737515782006,0.0016077774635050446
0.001579379546456039,0.0016091776778921485
0.0015763118644827046,0.0016073708538897336
0.0015750908714835532,0.001598428381839767
0.0015648515618522651,0.0015992119442671537
0.0015692706729169004,0.001600221818080172
0.0015716631096438505,0.0016036022279877216
0.00156974489800632,0.0015990696847438812
0.0015668055493733846,0.001603703887667507
0.0015745154378237203,0.0016003366617951542
0.0015712209060438909,0.0015990959072951227
0.0015717192654847167,0.0016013688291423023
0.0015720887822681107,0.0015989702078513801
0.0015751165337860584,0.0015992745466064662
0.0015762584953336045,0.0015986510261427611
0.0015720824449090287,0.0016015022119972855
0.0015653319715056568,0.0015993581910151988
0.0015654698509024456,0.001600534887984395
0.0015719417860964313,0.0015987810329534113
0.001568467094330117,0.001598739589098841
0.001570143736898899,0.0016026702942326665
0.0015719764705863781,0.0015991840045899153
0.001577203831402585,0.0015992516418918967
0.0015759207817609422,0.0015994741988833994
0.0015773127306601964,0.0016040554037317634
0.0015739074660814367,0.001598030241439119
0.001566518061736133,0.0015977449074853212
0.0015732470492366701,0.0015979831223376095
0.001567022678500507,0.0015981383621692657
0.0015631857750122435,0.0015979401650838554
0.0015678201671107672,0.0015980269818101078
0.0015661028301110491,0.0015981584147084504
0.0015702878081356175,0.0015978285518940538
0.001570733576954808,0.0015979135350789875
0.001573977766383905,0.0015979708696249872
0.001569411702803336,0.0015980155731085688
0.0015661364814150147,0.0015980118478182703
0.001572091416164767,0.0015981493634171784
0.0015740968519821763,0.0015977023576851934
0.0015652682195650414,0.001597769878571853
0.0015698336865170859,0.0015975151327438653
0.001574189453094732,0.0015972691180650145
0.0015669274143874645,0.0015977124858181924
0.0015677474366384558,0.0015975645510479808
0.0015761366521473974,0.0015974940324667841
0.0015673357993364334,0.0015977518341969699
0.0015772847254993394,0.0015975968271959573
0.001570717038703151,0.0015971798275131732
0.0015670422217226587,0.0015971706889104098
0.001566753548104316,0.00159732426982373
0.0015723052201792598,0.0015972412656992674
0.0015694429312134162,0.001597640017280355
0.001572157234477345,0.0015975279966369271
0.0015784618226462044,0.0015974474372342229
0.0015695444235461764,0.0015974347188603133
0.001574687339598313,0.0015976232243701816
0.0015700421499786898,0.001597695954842493
0.0015675916292821057,0.0015972110268194228
0.001575796071847435,0.0015970180684234947
0.0015643682127119973,0.0015977664734236896
0.0015697789858677424,0.0015971426328178495
0.001572240042150952,0.0015972050605341792
0.00156938088912284,0.0015976317517925054
0.0015673103625886142,0.0015972188266459852
0.0015680883661843836,0.0015973035187926143
0.001563417310535442,0.0015972009277902544
0.0015710607476648875,0.001597305090399459
0.0015708452847320586,0.0015974831767380238
0.0015733308537164703,0.0015972370456438512
0.0015645816820324399,0.0015977313159964979
0.0015712224776507355,0.001598418049979955
0.0015670426655560732,0.001597717753611505
0.001575399364810437,0.0015973123954609036
0.001577036819071509,0.0015975050046108663
0.0015681614968343638,0.0015973043045960367
0.00156752674956806,0.0015983748598955572
0.0015706040649092756,0.001598159724380821
0.0015683465462643653,0.0015978426672518253
0.00156690211588284,0.0015981934557203203
0.0015702063246862963,0.0015978994488250464
0.0015776488289702684,0.0015983371995389462
0.0015699904251960106,0.0015980218595359474
0.0015717237838543952,0.0015979731688275933
0.0015642046491848305,0.001597782305907458
0.0015711742526036687,0.00159772316692397
0.0015665839237044565,0.0015979876625351608
0.0015726843921584077,0.0015976233698893338
0.0015732695464976132,0.001597713737282902
0.0015696351838414557,0.0015976420254446566
0.0015634244191460311,0.0015983954071998596
0.0015662588557461277,0.0015980451426003128
0.0015683861129218712,0.0015978345181792974
0.0015697536364314146,0.0015980240714270622
0.0015744814299978316,0.0015975470596458763
0.0015729252045275643,0.001597708062035963
0.001571580236486625,0.0015970248496159911
0.0015680116339353845,0.0015969630621839315
0.0015626815002178773,0.00159685846301727
0.001571849534229841,0.0015965999045874923
0.0015665601022192277,0.0015963016485329717
0.0015656549730920233,0.0015965464117471129
0.0015714228356955573,0.0015964095946401358
0.001565630613185931,0.0015965528436936438
0.0015705533005530015,0.0015964432968758047
0.001566826795169618,0.0015965261845849454
0.001564324091305025,0.0015968046500347555
0.001559445314342156,0.0015973717090673745
0.001569443818880245,0.0015973718254826963
0.001562383353302721,0.0015965105849318206
0.001560569515277166,0.0015964438498485833
0.001567538667586632,0.0015966818609740585
0.0015704271791037172,0.0015967589861247689
0.0015703221870353445,0.0015966773789841682
0.001567241401062347,0.0015962568868417293
0.0015598382451571524,0.0015963452169671655
0.0015714435940026306,0.0015962498728185892
0.0015697069393354468,0.0015961496683303267
0.0015639681223547086,0.001596357673406601
0.00157507840776816,0.0015966498176567256
0.001566109771374613,0.0015962771431077272
0.0015708178470958956,0.0015957978903315961
0.0015652538349968381,0.001596199843334034
0.0015666214021621272,0.0015967609942890704
0.0015700115691288374,0.001596445043105632
0.001567771250847727,0.0015964118647389114
0.0015656545947422273,0.001596224057720974
0.001568419553223066,0.001596138085005805
0.0015674119058530778,0.0015954924165271223
0.0015695990732638165,0.0015954963746480644
0.0015624713996658102,0.0015962770557962358
0.0015721421150374226,0.0015959987067617476
0.0015652586516807787,0.0015953588299453259
0.0015661961733712815,0.001595476147485897
0.0015660998178645968,0.001596425601746887
0.0015625892046955414,0.001597005408257246
0.0015643383958376944,0.0015955313574522734
0.0015726059427834116,0.0015967422223184258
0.0015598354730173014,0.001596847054315731
0.001567909843288362,0.0015964176855050027
0.0015662454243283719,0.001596066722413525
0.0015696404152549803,0.0015956943097990006
0.0015692026645410806,0.0015959551674313843
0.001569051637488883,0.0015981534088496119
0.0015685930775362067,0.0015964208578225225
0.0015657846815884113,0.0015954461705405265
0.001563362282468006,0.0015954714035615325
0.0015648179178242572,0.0015959732700139284
0.001571149259689264,0.001596512069227174
0.001566983075463213,0.0015956074639689177
0.001566867038491182,0.0015951613313518465
0.0015633010552846827,0.001595951005583629
0.001563057718158234,0.0015949785301927477
0.001572817112901248,0.0015952747489791363
0.0015634852461516857,0.0015948902000673115
0.0015711426312918775,0.0015955449489410967
0.001566653409099672,0.0015952683752402663
0.001570029417052865,0.0015950585948303342
0.0015602710554958321,0.0015958395670168102
0.0015628610635758378,0.0015955338312778622
0.001567441548104398,0.001594548491993919
0.0015662273654015735,0.0015949978260323405
0.0015638278418919072,0.00159597655874677
0.001568400941323489,0.001595120964339003
0.0015702453601988964,0.001594933244632557
0.0015679660646128468,0.0015948919171933085
0.0015675187969463877,0.0015946544881444424
0.001564323334605433,0.0015943008475005627
0.001573484216351062,0.0015949906082823873
0.0015618392135365866,0.0015947678475640714
0.0015707160564488731,0.0015948950313031673
0.0015687562845414504,0.001596508052898571
0.001571452034113463,0.001595601497683674
0.0015680628712289035,0.0015951961104292423
0.001565887600008864,0.0015952771937008947
0.001568054358358495,0.0015952006506267935
0.0015639792691217735,0.00159531130339019
0.0015667262559873052,0.0015956989955157042
0.0015596913581248373,0.0015961535682436079
0.001567678751598578,0.001595348701812327
0.0015688816420151852,0.001595101464772597
0.0015631383212166838,0.0015950679371599108
0.0015628534893039614,0.001595111156348139
0.0015598345125908963,0.0015951167151797563
0.0015675782851758413,0.0015950039378367364
0.0015769564924994484,0.0015955828130245209
0.0015664161983295344,0.0015958301664795727
0.0015712162348791026,0.0015954061527736485
0.0015684686150052585,0.0015951530367601663
0.0015710312291048467,0.0015958620933815837
0.001566526225360576,0.0015954342670738697
0.0015612005736329593,0.001595086680026725
0.0015717962305643596,0.0016044244111981243
0.0015628047331119888,0.0015971350076142699
0.0015652915462851524,0.0015956314746290445
0.0015698786592110991,0.0015954157861415297
0.0015709771832916886,0.0015957161667756736
0.0015675727991038002,0.0015950531233102083
0.0015653616064810194,0.0015948849613778293
0.0015637156247976236,0.0015946382191032171
0.0015754085761727765,0.0015948275395203382
0.001564273057738319,0.0015953052206896245
0.0015667677434976213,0.0015955987328197807
0.0015692036322434433,0.0015965083439368755
0.001573718669533264,0.001595110137714073
0.0015702565360697918,0.0015959535376168787
0.0015628172041033395,0.0015962125035002828
0.0015672438603360206,0.0015955745184328407
0.0015648088665329851,0.0015952514950186014
0.0015651635185349733,0.0015952003886923194
0.0015710360821685754,0.0015944987535476685
0.001566997860209085,0.0015950201486703008
0.0015634823503205553,0.0015943034377414733
0.0015658173651900142,0.0015949122316669673
0.0015640509154764004,0.0015944717160891742
0.0015632395807188004,0.0015944424667395651
0.0015746367134852335,0.00159454855020158
0.001563548154081218,0.0015935278206598014
0.001570973836351186,0.0015943740727379918
0.001559852869831957,0.0015946174098644406
0.0015666112376493402,0.0015940149605739862
0.0015668062987970188,0.0015945392369758338
0.0015725170596851967,0.0015945108607411385
0.00156406140740728,0.0015953247784636915
0.00156268804857973,0.0015948450309224427
0.0015667568732169457,0.0015947780921123922
0.0015664293096051551,0.0015957055147737265
0.0015654914968763478,0.0015963596233632416
0.001568176841828972,0.0015942874306347221
0.0015588194073643535,0.001593254244653508
0.0015649270208086818,0.0015947720676194876
0.0015736134228063747,0.0015939813456498086
0.0015587145317113027,0.0015950594970490783
0.0015607748864567839,0.0015956633433233947
0.001573142086272128,0.0015949550434015691
0.0015657810945413075,0.001594814850250259
0.001560002623591572,0.001594136207131669
0.0015673008747398853,0.0015944176411721855
0.0015670862194383517,0.0015942644968163222
0.0015648671396775171,0.0015950920933391899
0.001565681341162417,0.001595544017618522
0.001559108255605679,0.0015961084864102304
0.0015640739075024612,0.0015959666052367538
0.0015683873352827504,0.001596650865394622
0.0015692324304836802,0.001596054673427716
0.0015641496211173944,0.001595185196492821
0.0015645524035790004,0.001594784902408719
0.0015689837964600883,0.0015948802756611258
0.0015658609991078265,0.0015973776171449572
0.0015661833822377957,0.0015952976536937058
0.0015589916001772508,0.0015963404439389706
0.0015625550149707124,0.0015976580616552383
0.0015751507089589722,0.0015962321194820106
0.0015683323217672296,0.0015956136921886355
0.0015633097500540316,0.0015951023378875107
0.001563988349516876,0.0015950115921441466
0.001567434475873597,0.001595131354406476
0.0015658921765862033,0.0015969817468430847
0.001571517757838592,0.0015941806777846068
0.0015670093343942426,0.00159552923287265
0.0015659888085792772,0.0015947551873978227
0.0015618368197465315,0.0015944559127092361
0.0015658959455322474,0.0015975412970874459
0.0015607178647769615,0.0015934524999465793
0.0015712610475020483,0.0015980460739228874
0.0015677062619943172,0.0015940924640744925
0.0015627305911039002,0.001594498084159568
0.0015656003961339593,0.0015962698962539434
0.0015609803886036389,0.0015957615396473557
0.0015690687141614035,0.0015937356802169234
0.0015660039716749452,0.001595516107045114
0.0015738971778773703,0.0015945943596307188
0.0015611784983775578,0.0015948191576171666
0.0015653213995392434,0.0015940882731229067
0.001570712964166887,0.0015956071147229522
0.0015599866237607785,0.001596545655047521
0.0015632267968612723,0.0015944881888572127
0.0015619714104104787,0.001593915862031281
0.0015652974907425232,0.0015943913022056222
0.0015697023991378956,0.0015948554791975766
0.001567826846439857,0.001593548193341121
0.0015658362171961926,0.0015948340005706996
0.0015641336867702194,0.0015953434631228447
0.0015611463895766065,0.001595242996700108
0.0015725280391052365,0.0015954285336192697
0.001563194666232448,0.0015948773361742496
0.0015679201169405133,0.0015942510799504817
0.0015624844745616429,0.0015951979730743915
0.0015660887147532776,0.0015952897956594825
0.0015677997726015747,0.0015943339094519615
0.0015683859164710157,0.0015952312969602644
0.0015644812156097032,0.001594531291630119
0.0015627682078047656,0.0015946516650728881
0.0015652910224162042,0.001594844739884138
0.001565235543239396,0.0015946670318953693
0.001571147127833683,0.0015934876864776015
0.0015660377830499783,0.001601044088602066
0.0015652207075618207,0.0015936230774968863
0.0015641352365491912,0.0015935609117150307
0.001567145598528441,0.001592986169271171
0.0015605847729602829,0.0015933012764435261
0.0015661836150684394,0.001592696615261957
0.0015635292220395058,0.0015932164096739143
0.0015623059225617908,0.0015927008062135428
0.0015630405614501797,0.001593051536474377
0.0015629732515662909,0.0015931903617456555
0.0015657626136089675,0.001593127759406343
0.0015643492806702852,0.001593989902175963
0.0015605874141328968,0.0015977364673744887
0.0015599834950990044,0.001594684086740017
0.0015663085068808869,0.0015950374654494226
0.001563716767122969,0.0015942941245157272
0.0015630048219463788,0.0015943872858770192
0.001564252183015924,0.0015950023953337222
0.0015694363100919873,0.0015949179360177368
0.0015691954467911273,0.001594579720403999
0.0015658176125725731,0.0015940016019158065
0.001558972246129997,0.0015954304835759103
0.0015619189143762924,0.0015941633027978241
0.0015651969733880833,0.001594047644175589
0.0015717581118224189,0.0015949865919537842
0.0015716535926912911,0.0015938173164613545
0.0015708362116129138,0.0015939914155751467
0.0015689556530560367,0.001593964989297092
0.001563575744512491,0.0015941585588734597
0.0015681146032875404,0.0015944969200063497
0.001575440473970957,0.0015943727048579603
0.0015679892530897632,0.0015934513066895306
0.0015627607281203382,0.0015943211619742215
0.0015650625646230765,0.0015948120271787047
0.0015629975241608918,0.001594816247234121
0.0015632830254617147,0.0015940357698127627
0.0015590144976158626,0.0015945066697895527
0.0015644272061763331,0.00159338244702667
0.0015617917524650693,0.0015940456069074571
0.0015687030318076722,0.0015929236833471805
0.0015570176183246076,0.0015919832803774625
0.0015613572031725198,0.0015917163109406829
0.0015639175762771629,0.00159552285913378
0.001566084087244235,0.0015928244101814926
0.0015715671179350466,0.0015960148302838206
0.0015631206624675542,0.001592647487996146
0.0015641626814613119,0.0015927810745779425
0.0015549481759080663,0.0015944062906783074
0.0015622187056578696,0.0015942160389386117
0.0015656240066164173,0.0015940680459607393
0.0015629258341505192,0.0015937237185426056
0.0015699137875344604,0.001593893946846947
0.0015706042177043855,0.0015939041040837765
0.0015631026835762896,0.0015937275311443955
0.0015656333562219515,0.0015932270616758615
0.0015660359495086595,0.0015933837566990405
0.0015668095293221995,0.0015935504052322358
0.0015611181370331906,0.0015938913857098669
0.0015665802857256494,0.001593280816450715
0.0015625331579940394,0.0015935624833218753
0.0015641452700947411,0.0015933236863929778
0.0015640116907889023,0.0015930076770018786
0.0015637927208445035,0.0015926281921565533
0.0015615469455951825,0.0015928212087601423
0.0015637951000826433,0.0015941786987241358
0.0015602547282469459,0.0015925701009109616
0.0015697720955358818,0.0015929737710393965
0.0015708771970821545,0.0015923608734738082
0.001564136146043893,0.0015938490105327219
0.0015647839900339022,0.0015933274698909372
0.0015669555068598129,0.0015927412605378777
0.0015593980060657486,0.0015933968825265765
0.0015700669246143661,0.0015936734562274069
0.001566988656122703,0.001592137647094205
0.0015577808080706745,0.0015936059644445777
0.0015624628722434863,0.0015927448112051934
0.0015716965790488757,0.0015915460826363415
0.0015599476682837121,0.0015920363075565547
0.0015635255840606987,0.0015922655875328928
0.0015604583895765245,0.0015920126461423934
0.0015587494635838084,0.0015914681134745479
0.0015650505665689707,0.0015904827159829438
0.0015673107554903254,0.0015915475960355252
0.0015609572437824681,0.0015911990485619754
0.001564273887197487,0.0015909041394479573
0.0015622306818841025,0.0015906872577033937
0.0015645650710212067,0.0015909757930785418
0.0015631995847797953,0.0015904282045084983
0.001562410943733994,0.0015907588531263173
0.0015634718365618028,0.0015901247970759869
0.0015610913251293823,0.001590420986758545
0.001566161634400487,0.0015907659544609487
0.0015606054657837376,0.0015907498891465366
0.0015540555396000855,0.0015907541383057833
0.0015607693858328275,0.0015910337388049811
0.0015591074406984262,0.0015907795750536025
0.0015645876628695987,0.001590603991644457
0.0015565208086627536,0.0015905164764262736
0.0015740393282612786,0.0015901618753559887
0.001561483004479669,0.0015907266060821712
0.0015577016019960865,0.0015907562337815762
0.0015615684023941867,0.0015914209943730384
0.0015612213901476935,0.001591086998814717
0.0015560328247374855,0.0015918213175609708
0.0015628234687028453,0.0015920931182336062
0.0015660320495953783,0.001591324748005718
0.0015640996207366697,0.0015912229137029499
0.0015629551780875772,0.001590849831700325
0.0015697765193181112,0.0015940506127662957
0.0015617774406564422,0.0015932794194668531
0.0015620115009369329,0.0015933816612232476
0.0015598978425259702,0.0015902157174423337
0.0015670619322918355,0.0015898258716333658
0.0015608817411703058,0.001589646824868396
0.0015630210036761127,0.0015903535531833768
0.0015647407999495044,0.0015931620146147907
0.0015607280511176214,0.0016000160831026733
0.001561454075272195,0.0015898192941676825
0.0015634023875463754,0.0015904857136774808
0.001560639990202617,0.0015900518919806927
0.0015595408476656303,0.0015959036827553064
0.001559801763505675,0.0015911052178125829
0.0015597374949720688,0.0015920787991490215
0.0015661553115933202,0.0015996556030586362
0.001568155137647409,0.0015927160857245326
0.001568246676470153,0.001592335058376193
0.0015639236880815588,0.001591299253050238
0.0015616563396179117,0.0015916285628918558
0.0015599136022501625,0.0015917526907287538
0.001562512909003999,0.0015912897943053395
0.0015686139377066866,0.0015936884155962616
0.0015709900908404961,0.001592098968103528
0.001564205034810584,0.0015921356971375644
0.0015671368528273888,0.0015915502153802663
0.0015684250320191495,0.0015914117102511227
0.0015617811877746135,0.0015920349396765232
0.0015657664480386302,0.0015915622061584145
0.0015654701492167078,0.0015913445095065981
0.0015594250071444549,0.0015921007725410163
0.0015660610297345556,0.0015913665702100843
0.001560793025419116,0.0015907211054582149
0.0015623328799847513,0.0015916710835881531
0.0015631417627446353,0.0015906457847449929
0.001559025731694419,0.0015916077827569097
0.0015634829469490796,0.001591465959791094
0.0015602618004777469,0.0015909452340565622
0.0015580990511807613,0.0015917854034341872
0.0015659879209124483,0.0015916359261609614
0.0015564328350592405,0.001590867614140734
0.0015687344057369046,0.0015901860024314374
0.0015609456822858192,0.0015910869697108865
0.00156475597032113,0.0015887493209447712
0.0015612006100127473,0.001588456827448681
0.001556268529384397,0.001590896223206073
0.0015616593736922368,0.0015907100751064718
0.0015581590560032055,0.001589850871823728
0.001560569682624191,0.0015896002296358347
0.0015612237984896637,0.0015885434404481202
0.001564230609801598,0.0015881045255810022
0.0015551372343907133,0.001588135666679591
0.0015609249094268307,0.0015881450672168285
0.0015596836965414695,0.001588674436789006
0.0015585281726089306,0.0015905195905361325
0.0015621327620465308,0.0015952630783431232
0.0015646395622752607,0.0015913873503450304
0.001565166108775884,0.001591539301443845
0.0015661249781260267,0.0015958420117385685
0.0015607514651492238,0.0015908502682577819
0.0015643263977835886,0.0015894133248366416
0.0015592646523145959,0.0015895140822976828
0.0015627520624548197,0.0015895969117991626
0.0015623039435013197,0.001589428196894005
0.0015639869307051413,0.001588473649462685
0.0015561406980850734,0.0015903085586614907
0.0015648633780074306,0.0015905550098977983
0.0015526178758591413,0.001590955856954679
0.0015645183739252388,0.0015906367625575513
0.0015632745635230094,0.0015894539537839592
0.0015576802616124041,0.0015909518988337368
0.0015618847755831666,0.001589514286024496
0.0015553012563032098,0.0015893119561951607
0.0015543165209237486,0.0015890860231593251
0.0015575195866404101,0.001590243715327233
0.0015555034115095623,0.0015898279671091586
0.0015655339739168994,0.0015887576446402818
0.001557304167363327,0.0015891357033979148
0.001563124569656793,0.0015890155045781285
0.0015651094727218151,0.0015888726920820773
0.0015612136630807072,0.0015886038017924875
0.0015610458722221665,0.0015888386988081038
0.0015602029088768177,0.0015884973690845072
0.0015606863162247464,0.0015887622721493244
0.001566140417708084,0.0015882541192695498
0.0015610238333465531,0.0015879376442171633
0.0015527623181696981,0.0015882135485298932
0.001567920517118182,0.001588065701071173
0.0015576844161842018,0.0015872894728090614
0.0015568962626275606,0.0015884118329267949
0.0015568133967462927,0.0015887979534454644
0.0015629909248673357,0.0015888672787696123
0.0015579217797494493,0.0015889529895503074
0.001562635210575536,0.001587532227858901
0.0015664803358959034,0.0015878896520007402
0.001560872289701365,0.0015878940466791391
0.0015635496311006136,0.0015880509454291314
0.0015638679251424037,0.001588100625667721
0.001559279829962179,0.0015893321542534977
0.001553328322188463,0.0015899896388873458
0.001560512297146488,0.0015881245490163565
0.0015598036989104003,0.0015896389668341726
0.0015612653151038103,0.0015885755710769445
0.0015559415187453851,0.0015885783359408379
0.0015562282060272992,0.0015878279809840024
0.0015572567062918097,0.0015881786530371755
0.0015596631928929128,0.0015888673369772732
0.001557220755785238,0.0015886435576248914
0.001563897450978402,0.001589115767274052
0.0015610177943017334,0.0015889211208559573
0.001560023272759281,0.0015893035451881588
0.0015656464602216147,0.001589368679560721
0.0015598139507346787,0.0015881504223216325
0.0015628729379386641,0.0015871859504841268
0.0015565492503810674,0.0015874851669650525
0.0015570907416986302,0.0015876328106969595
0.0015663254816900007,0.0015897703415248543
0.001556360897666309,0.001589170133229345
0.0015650313871446997,0.001589677995070815
0.0015614565927535295,0.0015901974693406373
0.0015697633061790839,0.0015904481115285307
0.0015612832066835836,0.0015888460911810398
0.0015663404410588555,0.001589533785590902
0.001555283655761741,0.0015896244149189442
0.0015622008650097996,0.0015875829267315567
0.0015667342013330199,0.0015886343317106366
0.0015555733843939379,0.001588304730830714
0.0015612830829923041,0.0015884725144132972
0.001559625452500768,0.001590050378581509
0.001560679025715217,0.0015902115846984088
0.0015607223176630214,0.001588235463714227
0.0015603500869474374,0.001588714076206088
0.0015640182682545856,0.0015886670153122395
0.001562163233757019,0.0015880070277489722
0.0015563964043394662,0.0015870051283854991
0.0015555173449683934,0.0015878150588832796
0.00156152002455201,0.00158650943194516
0.0015554493656964041,0.0015867965703364462
0.0015565185240120627,0.0015884280437603593
0.0015565624998998828,0.001589034916833043
0.0015622399441781454,0.0015891501097939909
0.0015587139132549055,0.0015878988488111645
0.0015591596747981384,0.0015880248101893812
0.0015594007418258116,0.0015872590884100646
0.0015573741766274907,0.0015870261122472584
0.0015535442798864096,0.001586677972227335
0.0015521100722253323,0.0015869825438130647
0.0015613903742632829,0.0015866687754169106
0.0015545044298050925,0.001588070677826181
0.001561279670568183,0.0015869808848947287
0.0015625291707692668,0.0015867362380959094
0.0015634417577530257,0.0015868976770434529
0.0015598538739141077,0.001587193546583876
0.0015602353523718193,0.0015874288801569492
0.001554814058181364,0.001587693317560479
0.001554270726046525,0.001587047299835831
0.001562806501169689,0.0015876904653850943
0.00156126656656852,0.001586437865626067
0.0015633880102541298,0.0015863843145780265
0.0015586052250000648,0.001586538419360295
0.0015625431478838436,0.0015867892652750015
0.0015581785119138658,0.0015880580176599324
0.0015574072531308047,0.0015885495813563466
0.0015611531634931453,0.0015872129588387907
0.001548769709188491,0.0015876938123255968
0.0015538684747298248,0.0015888861962594092
0.0015538106817984954,0.0015877100231591612
0.0015608035391778685,0.0015887258341535926
0.0015608450048603117,0.0015871135401539505
0.0015652411530027166,0.0015876352554187179
0.0015617008102708496,0.0015875394165050238
0.0015593211355735548,0.001587283390108496
0.0015588714741170406,0.0015871835930738598
0.0015635428935638629,0.0015870877250563353
0.0015630132766091265,0.001586978993145749
0.0015536153368884698,0.0015869216585997492
0.0015615975280525163,0.0015869917115196586
0.0015538938023382798,0.0015869265771470964
0.0015550710813840851,0.0015862294239923358
0.0015524753180216067,0.0015858626284170896
0.001559568481752649,0.0015863926091697067
0.0015558452723780647,0.0015864315791986883
0.0015540855965809897,0.0015858906845096499
0.0015570942850899883,0.0015869954077061266
0.0015579411847284064,0.001586293801665306
0.0015594432261423208,0.0015871907817199826
0.0015519769294769503,0.0015868477057665586
0.0015573132259305567,0.0015872264339122921
0.0015578078091493808,0.001586706901434809
0.0015513039761572145,0.0015871895593591034
0.0015556120633846149,0.0015865911555010825
0.0015567309383186512,0.0015868479968048632
0.0015620194026269019,0.0015868338232394308
0.0015520961096626706,0.0015870107454247773
0.0015562654516543262,0.0015873279480729252
0.001554720896820072,0.0015863504959270358
0.0015571418771287426,0.0015866640897002071
0.0015523200345342048,0.0015867165639065206
0.0015505976116401143,0.0015883259766269475
0.001565075377584435,0.0015865655441302806
0.0015525005946983583,0.0015872075164224952
0.0015567376685794443,0.0015868754999246448
0.0015660879362258129,0.0015873501542955637
0.0015615484153386205,0.0015864651941228658
0.0015602430430590175,0.0015866799803916365
0.0015568610542686656,0.0015857918770052493
0.00155430864833761,0.0015867829497437924
0.0015562349872197956,0.0015861803549341857
0.0015561639156658202,0.001586719008628279
0.0015630789566785097,0.0015860526182223111
0.0015618212200934067,0.001587540638865903
0.0015542133915005252,0.0015859698760323226
0.0015525957860518247,0.0015861894062254578
0.0015576859732391313,0.001585883175721392
0.0015588648384436965,0.0015883311862125993
0.0015680210563004948,0.0015914416580926627
0.0015528290823567659,0.001589531806530431
0.0015571644980809651,0.0015861967694945633
0.001567612991493661,0.0015893787785898894
0.0015579505197820254,0.0015897760167717934
0.0015565874127787538,0.0015883918385952711
0.001560808283102233,0.0015919921279419214
0.0015660681456211023,0.0015865975292399526
0.001560766962938942,0.0015870482893660665
0.0015669541971874423,0.0015870543429628015
0.00155865302804159,0.0015859359700698406
0.0015584918219246902,0.0015882441075518727
0.0015577139056404121,0.0015866461326368153
0.001560763041197788,0.0015853286313358694
0.0015567120135528967,0.001586156024131924
0.001559663978696335,0.0015855268866289407
0.0015590164985042065,0.0015861726424191147
0.0015635673844371922,0.0015856916725169867
0.0015562377957394347,0.00158572246436961
0.0015578725578961894,0.0015853650984354317
0.0015543539557256736,0.0015854655648581684
0.0015517272622673772,0.0015855863748583943
0.0015608019893988967,0.0015863532025832683
0.0015560778047074564,0.0015852971118874848
0.0015549124800600111,0.0015852450451347977
0.0015609548936481588,0.0015853156510274857
0.0015518321743002161,0.0015859525301493704
0.0015627065949956886,0.001585824356880039
0.0015602327257511206,0.0015858523547649384
0.0015551644028164446,0.001585990859894082
0.0015572203701594844,0.0015856113459449261
0.0015538122097495943,0.0015857649268582463
0.0015608445755788125,0.0015854600933380425
0.0015655315000913106,0.0015856934187468141
0.0015537095023319125,0.0015865088789723814
0.001554753733216785,0.001585933699971065
0.0015561023319605738,0.0015851502539590001
0.0015576879450236447,0.0015851110802032053
0.0015603483698214404,0.0015850911440793425
0.001565517573908437,0.0015857136459089816
0.0015591384944855236,0.0015857437683735043
0.0015521376626566052,0.0015860686253290623
0.0015542329929303378,0.0015875384269747883
0.0015528379008173943,0.0015857505786698312
0.001559711257868912,0.0015856380923651159
0.0015576538498862647,0.0015852184151299298
0.0015519084554398432,0.001586686761584133
0.0015578823367832229,0.0015852485375944525
0.0015545704154646955,0.0015855029923841357
0.0015556196885881945,0.001585872727446258
0.0015673273519496433,0.001585364923812449
0.001558747469971422,0.0015849574992898852
0.0015612507704645395,0.0015855439705774188
0.0015641159770893864,0.0015852271753828973
0.0015553720149910077,0.0015858537517488003
0.0015523273250437342,0.0015863283188082278
0.0015578777965856716,0.001585612742928788
0.001560298987897113,0.0015857620164752007
0.0015585737128276378,0.001585567428264767
0.001553593174321577,0.0015849672781769186
0.001565079226566013,0.0015853506629355252
0.0015565100620733574,0.0015850075287744403
0.0015518652580794878,0.0015860828279983252
0.0015521828099736013,0.0015849424235057086
0.0015542748151347041,0.0015859494742471725
0.0015533059849985875,0.0015857307298574597
0.0015527331706834957,0.0015859033446758986
0.0015502183669013903,0.0015855795936658978
0.0015573446144117042,0.0015854537195991725
0.0015589054746669717,0.00158482335973531
0.0015540143358521163,0.0015848249604459852
0.0015613637297064997,0.0015846233873162419
0.00155975700909039,0.0015858428669162095
0.0015545553324045613,0.0015854068915359676
0.0015546493232250214,0.001584693614859134
0.001560098462505266,0.0015851236239541322
0.0015567153968731873,0.0015864552406128496
0.0015544953930657357,0.0015850770869292319
0.0015545411151833832,0.0015853183576837182
0.001556601324409712,0.0015857017715461552
0.0015545981004834175,0.0015851536008995026
0.0015551203541690484,0.0015858458064030856
0.00155393189197639,0.0015848272014409304
0.0015600971892126836,0.0015851971693336964
0.0015614844160154462,0.0015864421729929745
0.001557716605020687,0.0015849809278734028
0.0015511840974795632,0.0015843185246922076
0.0015518162836087868,0.0015846093592699617
0.00155731391714653,0.001584142359206453
0.0015574641147395596,0.0015840530104469508
0.0015613666982972063,0.0015859359700698406
0.001554362715978641,0.0015845272282604128
0.0015638104596291669,0.0015853116055950522
0.0015506551280850545,0.0015840493724681437
0.001557766088808421,0.0015839425614103675
0.0015550800380879082,0.001589709660038352
0.0015558983941446058,0.0015835269005037844
0.0015547108341706917,0.0015841030690353364
0.0015531282624579035,0.0015839955594856292
0.0015565058565698564,0.0015834516962058842
0.0015560715546598658,0.0015838115068618208
0.0015495518091483973,0.0015834842051845044
0.0015527389841736294,0.0015835636586416513
0.001556087787321303,0.0015839907573536038
0.0015565264839096926,0.0015834206133149564
0.0015582043197355233,0.0015834566147532314
0.0015515820487053134,0.0015834669466130435
0.0015526776696788147,0.0015840019041206688
0.0015573174605378881,0.0015828921750653535
0.0015467137927771546,0.0015836259699426591
0.0015541613101959229,0.0015835178492125124
0.0015494801991735585,0.0015840600244700909
0.001558514944917988,0.001583272183779627
0.001550319735542871,0.0015830275369808078
0.0015498735883738846,0.001583735051099211
0.0015468674318981357,0.001583048258908093
0.0015534444901277311,0.0015824785805307329
0.001557112358568702,0.0015826390299480408
0.0015551739415968768,0.0015845502784941345
0.0015528892326983623,0.00158314811415039
0.0015544720663456246,0.0015824623696971685
0.001553064830659423,0.0015832289936952293
0.001557993957248982,0.0015829032054170966
0.0015483351089642383,0.0015841251879464835
0.0015478161367354915,0.0015823119902051985
0.0015545474234386347,0.0015825653681531549
0.0015453998785233125,0.00158229615772143
0.0015522164685535245,0.0015818368119653314
0.0015622826249455102,0.0015822735440451652
0.001556926014018245,0.0015820555272512138
0.001552478177472949,0.0015828973846510053
0.0015568244125461206,0.0015829465701244771
0.0015560470274067484,0.001584128593094647
0.0015539296000497416,0.00158363176160492
0.0015541612592642196,0.0015830663323868066
0.001557681753183715,0.001583340868819505
0.001555310002004262,0.0015833900833968073
0.0015534124031546526,0.0015829729672987014
0.0015548632363788784,0.001583544333698228
0.0015607767272740602,0.0015832235512789339
0.0015584762440994382,0.0015838450635783374
0.0015537977960775606,0.0015827876632101834
0.00155588368215831,0.001583268167451024
0.0015521886161877774,0.0015826354501768947
0.001553501540911384,0.001583609206136316
0.0015552867698716,0.0015837085666134953
0.0015518030049861409,0.001582629483891651
0.0015472995073650964,0.0015829505573492497
0.001552667781652417,0.001584322948474437
0.0015505601986660622,0.001582267228513956
0.0015564126224489883,0.0015835946542210877
0.0015560984902549535,0.0015850998170208186
0.0015489909201278351,0.0015839416009839624
0.0015517451902269386,0.0015820997068658471
0.001548467218526639,0.001583675795700401
0.0015574136559735052,0.001583335513714701
0.0015510083103436045,0.0015818211832083762
0.0015520448941970244,0.001582668541232124
0.001554217582452111,0.0015829884505365044
0.001555747730890289,0.001582170691108331
0.0015491248850594275,0.0015819738910067827
0.0015550002644886263,0.0015832193894311786
0.0015580759136355482,0.001582452532602474
0.0015578670645481907,0.0015815372753422707
0.0015519922526436858,0.0015821933338884264
0.001556315692141652,0.0015827042516320944
0.001550980487081688,0.0015819641994312406
0.001557084331579972,0.0015819612599443644
0.0015479122448596172,0.0015817046805750579
0.0015505994379054755,0.0015821166743990034
0.0015546999347861856,0.0015825949376448989
0.0015557665465166792,0.0015815036313142627
0.0015562685002805665,0.0015823534049559385
0.001551179630041588,0.0015822840796317905
0.0015483302267966792,0.0015812796773388982
0.0015589138274663128,0.0015829257317818701
0.0015544201960437931,0.001583114149980247
0.0015558486338704824,0.001582214841619134
0.0015547428774880245,0.0015833501820452511
0.0015579935134155676,0.0015827493043616414
0.0015502606838708743,0.0015827144088689238
0.0015511647870880552,0.0015818091633263975
0.0015550434691249393,0.001582447235705331
0.00155981117131887,0.001581957214511931
0.0015543222616543062,0.0015828459872864187
0.001553060945298057,0.0015820649277884513
0.0015522059838986024,0.0015829451731406152
0.001552697503939271,0.0015824305010028183
0.0015568910675938241,0.0015830063493922353
0.0015570238465443254,0.0015822160348761827
0.0015583934291498736,0.0015821339620742947
0.0015528143994743004,0.0015842455031815916
0.0015606160450261086,0.0015819515101611614
0.0015613977739121765,0.001581221935339272
0.0015529200245509855,0.0015809823235031217
0.0015543323606834747,0.0015820115222595632
0.0015575848301523365,0.001581586606334895
0.0015549652089248411,0.001581849908689037
0.0015574863646179438,0.0015828262839931995
0.0015553568591712974,0.0015820118715055287
0.0015511282545048743,0.00158134097000584
0.0015516381172346883,0.0015815077349543571
0.0015502894384553656,0.001581457705469802
0.0015586778608849272,0.0015820074768271297
0.0015517720967181958,0.001581747317686677
0.0015581510378979146,0.0015825055888853967
0.0015524473783443682,0.001582541095558554
0.0015561834807158448,0.0015820410335436463
0.0015486171105294488,0.0015821598353795707
0.0015507828575209714,0.0015825103619135916
0.0015641950085409917,0.0015821921406313777
0.0015501146044698544,0.0015822179848328233
0.001557215306092985,0.001582630560733378
0.0015550424432149157,0.0015823921712581068
0.001548434142023325,0.001581722142873332
0.001555444127006922,0.001582615717779845
0.001562340694363229,0.0015817914973013103
0.0015513354519498535,0.0015820693806745112
0.0015550929674645886,0.001582689059432596
0.0015479596477234736,0.0015827332099433988
0.0015602781713823788,0.0015829813783057034
0.0015567911468679085,0.0015825536102056503
0.0015550158059340902,0.0015818635001778603
0.0015497566346311942,0.0015818927786312997
0.0015461091170436703,0.0015840637206565589
0.001558141753775999,0.0015811744378879666
0.0015500387889915146,0.0015819119289517403
0.0015524591144639999,0.0015818703104741871
0.0015557123915641569,0.0015853953955229372
0.001553595095174387,0.001582685625180602
0.0015520939778070897,0.0015812819183338434
0.0015481300215469673,0.0015816163504496217
0.001552327630633954,0.001582742144819349
0.001555624243337661,0.001582300930749625
0.001553885595058091,0.0015836002421565354
0.0015511706224060617,0.0015824939764570445
0.0015545774294878356,0.0015822543355170637
0.0015579584942315705,0.0015815052611287683
0.0015513774560531601,0.0015812432975508273
0.0015523557813139632,0.00158273137640208
0.0015483354800380766,0.0015818332904018462
0.0015579336250084452,0.0015821802953723818
0.0015533114346908405,0.0015823972062207758
0.001553219357447233,0.0015825738955754787
0.001546505889564287,0.0015810021723154932
0.0015516173152718693,0.0015808404714334756
0.0015549577365163714,0.001581976073794067
0.0015478930654353462,0.001582922792294994
0.001553561851324048,0.0015815015358384699
0.001554531991132535,0.0015816462982911617
0.001555132017529104,0.0015811225166544318
0.0015526856004726142,0.0015819012478459626
0.0015593404750688933,0.0015832486096769571
0.0015498099965043366,0.0015812982455827296
0.001555821974761784,0.0015815933002159
0.001556895484100096,0.0015818224055692554
0.0015512276586377993,0.0015821470587980002
0.0015519622102146968,0.001582575321663171
0.0015562594126095064,0.0015825353912077844
0.0015542406035820022,0.001581793709192425
0.0015505290648434311,0.0015822555287741125
0.0015576460427837446,0.0015817551175132394
0.0015489421566599049,0.0015816543891560286
0.001553924594190903,0.0015816219965927303
0.0015546206341241486,0.001582668541232124
0.0015548736482742243,0.001582595898071304
0.0015555207355646417,0.0015824142028577626
0.0015552520417259075,0.0015817688836250454
0.001561851691803895,0.0015803803398739547
0.0015516985513386317,0.0015806787996552885
0.0015553647390333936,0.0015810587501619011
0.0015535786078544334,0.0015806840965524316
0.0015558096274617128,0.001581180258654058
0.0015564522982458584,0.0015811243501957506
0.0015507742573390715,0.0015805526345502585
0.0015528224685112946,0.0015902373124845326
0.0015578511156491004,0.0015819788095541298
0.001555068178276997,0.0015847430913709104
0.0015594660726492293,0.0015838744002394378
0.0015548670562566258,0.0015837761748116463
0.0015551991382380947,0.0015864072483964264
0.0015535252387053333,0.0015825167065486312
0.0015576898877043277,0.0015823875146452338
0.001565815728099551,0.0015817795938346535
0.0015550839889328927,0.0015818802348803729
0.0015560858228127472,0.0015826598682906479
0.0015548720912192948,0.0015816694940440357
0.0015534575650235638,0.0015815039514563978
0.0015551714022876695,0.0015824244474060833
0.001557032999699004,0.0015841590357013047
0.001556780727696605,0.0015818063111510128
0.0015524771661148407,0.0015845286543481052
0.0015489378565689549,0.0015820554981473833
0.0015521928726229817,0.0015821674605831504
0.0015564220884698443,0.001582755270646885
0.001554567577841226,0.0015816788363736123
0.001553401496494189,0.0015822539571672678
0.0015579934188281186,0.0015820162079762667
0.0015552906843367964,0.0015825470036361367
0.0015546699214610271,0.0015819577674847096
0.0015530778473475948,0.0015828800096642226
0.0015520268643740565,0.0015817757230252028
0.0015538618608843535,0.0015814583166502416
0.0015558273662463762,0.0015813375357538462
0.001552765112137422,0.001580991956871003
0.001552257534058299,0.0015805815055500716
0.0015463158415514044,0.0015805191651452333
0.001552374793391209,0.0015796920924913138
0.001550689252326265,0.0015804760623723269
0.0015541742322966456,0.001579706440679729
0.001549247397633735,0.0015798715758137405
0.0015497338536079042,0.0015794148202985525
0.0015535365164396353,0.0015789574244990945
0.0015550181342405267,0.001579629781190306
0.0015558434315607883,0.0015793832717463374
0.0015478446730412543,0.0015794305072631687
0.0015537417275481857,0.0015796198858879507
0.0015527962605119683,0.0015795697981957346
0.0015487228592974134,0.0015799871180206537
0.0015513927864958532,0.0015807803720235825
0.001553007256006822,0.0015808660245966166
0.0015486326155951247,0.001580628042574972
0.001557118222990539,0.001581482618348673
0.0015499757791985758,0.00157985434634611
0.001553299829538446,0.0015807266172487289
0.0015541188840870745,0.0015804866852704436
0.001546294784930069,0.0015798942185938358
0.0015517332722083665,0.001580495183588937
0.0015511716192122549,0.0015811474004294723
0.001552358575281687,0.0015813399804756045
0.0015502881215070374,0.001581698510563001
0.001554702226712834,0.0015812392521183938
0.0015560108804493211,0.0015811103803571314
0.0015507345160585828,0.0015802639245521277
0.0015579479004372843,0.0015813303471077234
0.0015497245694859885,0.0015821482229512185
0.0015561037071165629,0.0015813042700756341
0.001548275897221174,0.0015805751027073711
0.0015545543938060291,0.0015806018491275609
0.0015503423783229664,0.0015814908547326922
0.001551663583086338,0.0015812373312655836
0.0015587197849527001,0.0015808163152541965
0.0015512573008891195,0.0015818066021893173
0.001555599614221137,0.0015854869270697236
0.0015521801251452416,0.0015859872219152749
0.0015474155661650002,0.001581108197569847
0.0015563914930680767,0.001580747339176014
0.0015510007506236434,0.0015815066290087998
0.0015489494835492224,0.0015813843347132206
0.0015607208188157529,0.001579199859406799
0.0015527815776295029,0.0015793376660440117
0.00154696997924475,0.0015796173247508705
0.0015504989787586965,0.0015796548395883292
0.0015457507615792565,0.0015797231753822416
0.001547793683130294,0.001579438743647188
0.00155826209083898,0.001579381205374375
0.0015580725157633424,0.0015791112964507192
0.0015491254671360366,0.0015799835964571685
0.001554277478135191,0.0015801884874235839
0.0015523111505899578,0.0015794191567692906
0.0015566241709166206,0.001579671137733385
0.0015520576780545525,0.0015789050667081028
0.0015481537993764505,0.001578883413458243
0.001544178361655213,0.001579956617206335
0.0015446710094693117,0.0015795518120285124
0.0015568830276606604,0.0015786181611474603
0.0015594988508382812,0.0015791875775903463
0.0015535199127043597,0.0015796245716046542
0.0015504535913350992,0.0015810320328455418
0.0015518676227657124,0.0015796881052665412
0.0015549877498415299,0.0015797562373336405
0.0015517353967879899,0.0015799768443685025
0.001551212670165114,0.0015799725078977644
0.0015516521962126717,0.001579812989803031
0.0015540021195192821,0.0015788834425620735
0.0015564471614197828,0.0015797392115928233
0.0015508663927903399,0.0015799662796780467
0.001549401531519834,0.0015798964886926115
0.0015512086683884263,0.0015798801032360643
0.001555209921207279,0.001579779083840549
0.0015511455640080385,0.0015795994841028005
0.0015515266131842509,0.0015808379102963954
0.0015535631027887575,0.0015793306520208716
0.0015532280740444548,0.0015802467241883278
0.0015473772218683735,0.0015800540859345347
0.0015502391761401668,0.001582360389875248
0.0015523330293945037,0.0015840840060263872
0.001556427130708471,0.0015789416793268174
0.0015535572529188357,0.0015799080138094723
0.0015552723853033967,0.0015799405227880925
0.001550278604554478,0.0015814034268260002
0.0015486434276681393,0.0015782570408191532
0.001549187996715773,0.0015778846573084593
0.00155272452684585,0.00157901385682635
0.001552539506519679,0.001578352297656238
0.001555419119540602,0.0015788705495651811
0.001551518784253858,0.0015788034943398088
0.0015548191295238212,0.0015788105374667794
0.001565793172630947,0.0015803967835381627
0.0015506249328609556,0.0015800546971149743
0.0015437003603437915,0.0015806175651960075
0.0015518367727054283,0.0015787872252985835
0.0015507161660934798,0.0015779197274241596
0.0015536333739873953,0.0015778251108713448
0.0015562446205876768,0.0015842966677155346
0.001551924302475527,0.0015799964021425694
0.0015503848626394756,0.0015810640761628747
0.0015527659124927595,0.0015793717466294765
0.0015481004738830961,0.0015810148033779114
0.0015465139804291539,0.0015787793381605297
0.001552803449158091,0.0015841896820347756
0.0015512249228777364,0.0015790110628586262
0.0015452929073944688,0.0015776299696881324
0.0015569871320622042,0.0015784332354087383
0.0015518270156462677,0.0015775964129716158
0.001548968233691994,0.0015772083133924752
0.0015435030654771253,0.001577824674313888
0.0015527074137935415,0.0015780365210957825
0.0015510620942222886,0.0015777210355736315
0.0015462478986592032,0.001578041206812486
0.0015508821525145322,0.001577976712724194
0.0015494454783038236,0.0015834485238883644
0.001558139847475104,0.0015839401457924396
0.001542437334137503,0.0015783376875333488
0.0015586892332066782,0.0015789452299941331
0.0015426707541337237,0.0015784275310579687
0.0015497322092414834,0.0015774536586832255
0.0015477324341190979,0.0015775194624438882
0.0015494808831135742,0.001578029477968812
0.0015523287875112146,0.0015780236280988902
0.0015550862735835835,0.0015777572989463806
0.001549402943055611,0.001578122319187969
0.0015528923031524755,0.0015776660584378988
0.001555430077132769,0.0015777510998304933
0.0015522981993854046,0.001577164453919977
0.0015521796231041662,0.0015773855848237872
0.0015538850566372275,0.0015774094790685922
0.0015467891571461223,0.0015769931196700782
0.001546669183881022,0.0015780461544636637
0.001547408610349521,0.0015783182752784342
0.0015481691516470164,0.0015782737755216658
0.0015456190376426093,0.0015811312478035688
0.0015497878339374438,0.001578551484271884
0.0015507481512031518,0.0015778009546920657
0.0015493033497477882,0.0015798629319760948
0.0015465409887838177,0.0015785462746862322
0.001550695080368314,0.0015805478033144027
0.001548827567603439,0.0015786104486323893
0.0015484429823118262,0.0015790936595294625
0.0015479984285775572,0.0015797922969795763
0.0015544144698651507,0.001579185773152858
0.0015470911748707294,0.0015787234588060528
0.0015527689683949575,0.0015791554178576916
0.001544732745969668,0.001578064839122817
0.0015484593823202886,0.0015772127371747047
0.0015457633053301834,0.0015769469027873129
0.001549640073790215,0.0015765944262966514
0.0015464188036276028,0.001577367540448904
0.0015442679796251468,0.001578276074724272
0.0015529712254647166,0.0015769137244205922
0.0015488509889109991,0.001578655035700649
0.0015465378310182132,0.001577397546498105
0.001560609889565967,0.0015781063702888787
0.0015527339419350028,0.0015778898086864501
0.0015468191777472384,0.0015785627765581012
0.0015541629763902165,0.0015779587847646326
0.0015515086852246895,0.0015774922794662416
0.0015572942356811836,0.0015779600362293422
0.0015503947215620428,0.001577290939167142
0.0015465015458175912,0.0015784897550474852
0.0015425949895870872,0.0015781231049913913
0.0015527257201028988,0.0015766487340442836
0.0015472486193175428,0.001578527590027079
0.0015508499927818775,0.0015784134739078581
0.001557433235575445,0.0015779304958414286
0.001545956460176967,0.0015766038850415498
0.0015464556418010034,0.0015767564764246345
0.0015476926855626516,0.0015765104617457837
0.0015488216740777716,0.0015763201226945966
0.00154557383939391,0.0015770160243846476
0.00154579176887637,0.0015775323554407805
0.0015505646588280797,0.0015776565414853394
0.0015523822876275517,0.0015789101889822632
0.0015495704792556353,0.0015768675657454878
0.001554723123263102,0.0015786422009114176
0.0015469808131456375,0.0015778020024299622
0.0015493903192691505,0.001575918577145785
0.0015442076764884405,0.0015754898777231574
0.001549728483951185,0.001575429312651977
0.0015418234615935944,0.001576063863467425
0.0015448105477844365,0.0015765822026878595
0.0015476740009034984,0.0015764720446895808
0.001545743587485049,0.0015760933747515082
0.001550251807202585,0.0015764230338390917
0.0015449350903509185,0.0015759884845465422
0.0015458253255928867,0.0015761593240313232
0.0015458168418263085,0.001576695969561115
0.0015457118206541054,0.0015761198301333934
0.0015478282366530038,0.0015765028074383736
0.0015579812534269877,0.0015781245019752532
0.0015480292204301804,0.0015778908564243466
0.0015487627606489696,0.0015762535331305116
0.0015503017857554369,0.0015765923308208585
0.0015513226899201982,0.0015768506564199924
0.0015449917846126482,0.0015756601642351598
0.0015507360803894699,0.0015766430005896837
0.0015526358110946603,0.001576046401169151
0.0015451185026904568,0.0015758515801280737
0.001547780557302758,0.0015760410751681775
0.001548519154312089,0.001575462258188054
0.0015515533450525254,0.001576370297698304
0.0015462186929653399,0.0015764461131766438
0.001550543587654829,0.0015759793459437788
0.0015486966440221295,0.0015765393036417663
0.0015505454502999783,0.0015761445392854512
0.0015494712788495235,0.0015755683707538992
0.00154105724504916,0.0015757248329464346
0.0015450353603227995,0.0015773751365486532
0.0015501155867241323,0.0015766560973133892
0.0015499132277909666,0.0015768841549288481
0.0015444894088432193,0.0015773966151755303
0.0015504417096963152,0.0015767451550345868
0.001543063306598924,0.0015773567429278046
0.00154367971845204,0.0015766971337143332
0.0015466349286725745,0.001576481299707666
0.0015543845292995684,0.0015763604897074401
0.0015486807023989968,0.0015763826668262482
0.0015475130203412846,0.0015764400595799088
0.0015389677428174764,0.0015758317313157022
0.0015500787339988165,0.0015757650544401258
0.0015495691986870952,0.0015758545778226107
0.0015413880319101736,0.0015759177622385323
0.001548335625557229,0.0015768045850563794
0.001547290630696807,0.0015764734707772732
0.0015495556508540176,0.0015766821743454784
0.0015474320971406996,0.0015771388134453446
0.001548654559883289,0.0015756406646687537
0.0015489066718146205,0.001576905371621251
0.0015428994593094103,0.0015770955651532859
0.0015456601031473838,0.0015757665387354791
0.0015479907451663166,0.0015768599696457386
0.0015429106788360514,0.0015765213465783745
0.001548278218251653,0.001577378367073834
0.0015495884726988152,0.0015776272630319
0.0015457004410563968,0.001577177841681987
0.001544262260722462,0.0015766801952850074
0.001543945458251983,0.0015766295255161822
0.001540894176287111,0.001577264949446544
0.0015486726988456212,0.0015765081043355167
0.0015499050641665235,0.0015770092140883207
0.0015478819841518998,0.0015780820685904473
0.0015532198012806475,0.001577357150381431
0.0015516219573328272,0.001576975075295195
0.001549190579680726,0.0015767188160680234
0.0015475715190405026,0.0015773600607644767
0.0015520934975938872,0.0015763657283969223
0.0015441773139173165,0.0015762057155370712
0.001548468993860297,0.0015759789675939828
0.0015444320888491347,0.0015752995677758008
0.0015536717473878525,0.0015756403736304492
0.0015507706921198405,0.0015794977371115237
0.00154704676970141,0.0015759094676468521
0.00155199220898794,0.0015761772519908845
0.0015470966391148977,0.0015751140017528087
0.001539388918899931,0.0015753984625916928
0.0015446979014086537,0.0015774948114994913
0.0015503610120504163,0.0015771609323564917
0.0015497634813073091,0.0015752951730974019
0.001550733664771542,0.001575577276526019
0.0015509750228375196,0.0015765208518132567
0.0015450762221007608,0.0015757223009131849
0.0015471782025997527,0.0015761236718390137
0.0015495204934268259,0.0015755918284412473
0.0015432046566274948,0.0015763783594593406
0.0015537351719103754,0.0015755489584989846
0.0015460811700904742,0.001577224611537531
0.0015436395915457979,0.001576188689796254
0.0015480436704820022,0.001579670060891658
0.0015441862269653939,0.00157996267080307
0.0015455388856935315,0.0015764034469611943
0.0015475960026378743,0.001576156122609973
0.0015479385401704349,0.0015804084541741759
0.001550975335703697,0.001579351956024766
0.0015475232212338597,0.0015766795550007373
0.0015455955945071764,0.0015763107512611896
0.0015482464368687943,0.0015765713760629296
0.0015512537938775495,0.0015757911605760455
0.0015475158943445422,0.0015758740773890167
0.0015473207386094145,0.0015766468713991344
0.001541198587801773,0.001577643968630582
0.00154661935812328,0.0015797038795426488
0.0015546374997938983,0.0015820901317056268
0.0015466962431673892,0.0015876057732384652
0.0015494224498979747,0.0015792920894455165
0.001548801374156028,0.0015831335331313312
0.0015526070492342114,0.001577324524987489
0.0015481832015211694,0.0015765092393849045
0.0015470922808162868,0.0015760742244310677
0.001545562015962787,0.001576892682351172
0.0015486455304198898,0.0015761870017740875
0.0015521159148192964,0.00157591060269624
0.0015574725257465616,0.001575683243572712
0.001543899365060497,0.001576779701281339
0.0015520324886892922,0.001575561094796285
0.0015475415420951322,0.001579542993567884
0.0015493948012590408,0.0015749256417620927
0.0015467094563064165,0.001573640329297632
0.0015446628021891229,0.0015746895223855972
0.0015513151229242794,0.0015770456520840526
0.0015465323958778754,0.001574633177369833
0.0015463167510461062,0.001576757407747209
0.0015534625563304871,0.0015783545677550137
0.0015422655196744017,0.0015761226823087782
0.001546049774333369,0.0015760202368255705
0.00154908108379459,0.0015769465535413474
0.001546390398289077,0.0015759046364109963
0.0015489196302951314,0.0015762131079100072
0.001543609112559352,0.001575364643940702
0.0015483712631976232,0.001575033413246274
0.0015459007699973881,0.001574588066432625
0.001543246537039522,0.0015750984020996839
0.0015493104656343348,0.0015763499541208148
0.001540327117254492,0.001575365342432633
0.0015550954776699655,0.0015750823367852718
0.0015474162355531007,0.0015752051258459687
0.0015451296931132674,0.0015752827166579664
0.001545311461086385,0.0015762433176860213
0.001544686070701573,0.0015769466408528388
0.0015449046914000064,0.001576295675477013
0.00154935189493699,0.0015768641023896635
0.0015432048676302657,0.0015761698014102876
0.001548032756545581,0.001575461559696123
0.0015444776581716724,0.0015761341783218086
0.001545699269627221,0.001576022943481803
0.001547385982121341,0.0015761182585265487
0.0015473006569663994,0.0015764024574309587
0.0015434979723067954,0.0015770464960951358
0.0015566983274766244,0.001578555122250691
0.0015489922734559514,0.0015761188406031579
0.0015412572611239739,0.0015765705320518464
0.0015491407248191535,0.0015755498316138983
0.0015458293055417016,0.0015759353409521282
0.001543894009955693,0.0015772761835251004
0.001544268845464103,0.0015766263823024929
0.0015513101243413985,0.0015766288561280817
0.001546111707284581,0.0015762761468067765
0.0015425910751218908,0.0015773552004247904
0.0015447969853994437,0.001576699287397787
0.0015455837856279686,0.0015760054520796984
0.0015459229834959842,0.00157844481873326
0.0015512649697484449,0.001576089154696092
0.0015423106742673554,0.0015760882233735174
0.0015462866504094563,0.0015765323769301176
0.0015494754479732364,0.001576012436999008
0.0015479919384233654,0.0015757862711325288
0.001544791339256335,0.0015760326641611755
0.0015443003867403604,0.0015761075483169407
0.0015488632925553247,0.001575311878696084
0.001545361323223915,0.0015760381647851318
0.0015446629258804023,0.0015754658670630306
0.0015521740715485066,0.0015756096108816564
0.0015486003831028938,0.0015753943880554289
0.001544829094200395,0.0015750568127259612
0.0015455597676918842,0.0015762942493893206
0.0015461728762602434,0.0015765456773806363
0.001548340849694796,0.00157527020201087
0.0015462312730960548,0.0015761055401526392
0.0015470399594050832,0.0015764770505484194
0.001555141614517197,0.0015755330969113857
0.001544889819342643,0.0015753579791635275
0.0015406452293973416,0.0015756608336232603
0.001539004486403428,0.0015753862680867314
0.001545660532428883,0.0015756714274175465
0.0015484068644582294,0.0015754640917293727
0.0015569861789117567,0.0015757529763504863
0.0015489444849663414,0.0015747093129903078
0.0015491839440073818,0.0015751818718854338
0.0015454661988769658,0.0015753408952150494
0.001548437045130413,0.0015754365012980998
0.0015454115273314528,0.00157478146138601
0.0015475989275728352,0.0015777003427501768
0.0015482821472687647,0.0015749449376016855
0.0015454213644261472,0.001575009257066995
0.001548559419461526,0.0015750721795484424
0.0015461769871762954,0.001575642469106242
0.0015453621599590406,0.0015753608604427427
0.001542944140965119,0.0015754109190311283
0.0015462391675100662,0.0015804814174771309
0.0015468388082808815,0.001575065398355946
0.0015442930307472125,0.001574054971570149
0.0015409050902235322,0.001574651658302173
0.0015461937873624265,0.0015747862053103745
0.0015422059441334568,0.0015759168891236186
0.001540647579531651,0.001578223134856671
0.0015471018923562951,0.0015743784606456757
0.0015489330035052262,0.0015748997102491558
0.0015489357465412468,0.0015762005059514195
0.0015508983124163933,0.0015750819875393063
0.0015431382416863926,0.001575112488353625
0.001548553627799265,0.0015747271827422082
0.0015413681321660988,0.0015746837598271668
0.0015483327515539713,0.0015756504435557872
0.0015566285728709772,0.0015757484652567655
0.001544649370771367,0.0015754502383060753
0.001542331141536124,0.0015753705520182848
0.0015507171337958425,0.001577200018800795
0.0015431515712407418,0.0015751234022900462
0.0015422455326188356,0.0015748805599287152
0.001549472362967208,0.0015751947066746652
0.0015440286588273011,0.0015767992590554059
0.0015460244540008716,0.0015753145853523165
0.0015505460614804178,0.0015756586217321455
0.001550332483020611,0.0015752730832900852
0.0015419569099321961,0.0015748484001960605
0.001543484948342666,0.0015750827151350677
0.001556112983962521,0.0015749530284665525
0.0015489502111449838,0.0015751871978864074
0.0015418366820085794,0.0015756822831463069
0.001553862057335209,0.0015777701046317816
0.0015450563951162621,0.0015763412229716778
0.0015474075989914127,0.00157759731519036
0.0015448002013727091,0.001575683243572712
0.0015421827847603709,0.0015757945366203785
0.0015474736865144223,0.0015750005841255188
0.0015547510556643829,0.0015747437719255686
0.0015471926963073201,0.0015761686954647303
0.0015453734085895121,0.0015754296618979424
0.0015392689165310003,0.0015748772129882127
0.0015464918687939644,0.0015748034929856658
0.0015412199645652436,0.0015755880158394575
0.0015465189062524587,0.0015748149016872048
0.0015457831177627668,0.0015752274775877595
0.0015489329452975653,0.0015758571098558605
0.001546157625853084,0.0015753473853692412
0.0015427476391778328,0.0015752475592307746
0.0015508484793826938,0.0015753363259136677
0.0015459096757695079,0.0015755712520331144
0.0015459958158317022,0.001575059344759211
0.001543863516417332,0.0015747089928481728
0.0015459129572263919,0.00157484709052369
0.0015484512769035064,0.0015748098376207054
0.001546955041703768,0.0015752353938296437
0.0015555747522739694,0.0015746860881336033
0.0015387563762487844,0.0015755526255816221
0.001544985170767177,0.0015743832336738706
0.001544792190543376,0.0015755192143842578
0.0015511663514189422,0.001575037429574877
0.0015428686456289142,0.0015752968611195683
0.0015482883172808215,0.0015752653707750142
0.001545052684377879,0.0015741837560199201
0.001545704755699262,0.001574437483213842
0.0015482426097150892,0.0015755943022668362
0.0015500238005188294,0.0015779300010763109
0.0015448958802153356,0.0015779347450006753
0.0015465633914573118,0.0015743674302939326
0.0015431560896104202,0.0015755195636302233
0.0015487058044527657,0.0015744002303108573
0.0015533778496319428,0.0015755107160657644
0.001547401443531271,0.0015743219119030982
0.0015450740174856037,0.0015745134733151644
0.001546405692351982,0.001574312278535217
0.0015431498977704905,0.001573845191160217
0.001546961757412646,0.0015726905839983374
0.001546130450151395,0.0015740584931336343
0.0015477481501875445,0.0015737932990305126
0.0015454495151061565,0.0015734404732938856
0.0015438142363564111,0.0015748679579701275
0.0015433964872499928,0.0015740726084914058
0.0015426308382302523,0.00157510198187083
0.0015487272321479395,0.0015762851980980486
0.001543510501505807,0.0015729164879303426
0.0015431501960847527,0.001573784596985206
0.0015439342605532147,0.001574529305798933
0.0015413132350658998,0.001573393470607698
0.0015477701454074122,0.001574914058437571
0.0015470650760107674,0.0015744570409879088
0.0015464894750039093,0.0015727028949186206
0.0015471031292690895,0.0015732234169263393
0.0015467218836420216,0.001573866349644959
0.0015480463844141923,0.001574729714775458
0.001549374770547729,0.0015745392593089491
0.0015460810100194067,0.0015761100803501904
0.0015459030255442485,0.0015744373959023505
0.0015473912135348655,0.0015746846911497414
0.0015507466814597137,0.0015751255268696696
0.0015450972496182658,0.001575414469698444
0.001542247657198459,0.0015735917841084301
0.0015405685044243,0.0015756376960780472
0.0015478535497095436,0.0015750385646242648
0.0015474103347514756,0.0015757100190967321
0.0015413880391861312,0.0015741795068606734
0.001541505967907142,0.001575831847731024
0.0015493316459469497,0.0015732950996607542
0.0015487245545955375,0.00157317184493877
0.0015537390572717413,0.0015730299055576324
0.0015445321041624993,0.0015729143633507192
0.0015528641451965086,0.00157452147686854
0.0015427830221597105,0.001572600012877956
0.0015399622425320558,0.0015730849409010261
0.0015492671591346152,0.0015729325532447547
0.0015441263749380596,0.0015733065956737846
0.0015411753411171958,0.001572879496961832
0.001545149425510317,0.0015726764395367354
0.0015439746566698886,0.0015727358404546976
0.0015512351164943539,0.001572311855852604
0.001542160302051343,0.001572896639117971
0.001543723868962843,0.00157254355144687
0.0015436067988048308,0.001573440182255581
0.0015444571181433275,0.0015744566335342824
0.0015422326323459856,0.0015734975459054112
0.0015423850127262995,0.001573478861246258
0.0015419705887325108,0.0015730134036857635
0.0015452915176865645,0.001572755689267069
0.0015410446940222755,0.0015734801418147981
0.0015442229705513455,0.001573229004861787
0.001550676861370448,0.0015730741433799267
0.0015525935596087947,0.0015730740560684353
0.0015428783008246683,0.0015731279854662716
0.0015467687044292688,0.0015733923355583102
0.001542061239888426,0.001573441142681986
0.0015499204746447504,0.0015735601482447237
0.001546287712699268,0.0015741382376290858
0.0015468008059542626,0.0015738483052700758
0.0015430383718921803,0.0015740237140562385
0.0015461364164366387,0.0015736559289507568
0.001542318430438172,0.0015736241184640676
0.001546534193039406,0.0015740382950752974
0.0015516019484493881,0.0015738583460915834
0.0015437277033925056,0.0015738981892354786
0.0015466812328668311,0.0015735543565824628
0.001546939653053414,0.001573356392327696
0.0015400337069877423,0.0015737864014226943
0.0015442654403159395,0.0015741856477688998
0.0015435075329151005,0.0015743321273475885
0.001547040454170201,0.001574389258166775
0.0015548202500212938,0.0015733220498077571
0.001544461541925557,0.0015739409136585891
0.0015449208731297404,0.0015750906022731215
0.0015493620157940313,0.0015750467136967927
0.0015473340317839757,0.0015747175202704966
0.0015471849401365034,0.001573926245328039
0.0015454326203325763,0.001574551046360284
0.0015501815942116082,0.0015739175723865628
0.0015511034216615371,0.0015739053778816015
0.0015418338152812794,0.0015743694093544036
0.0015450915161636658,0.001574199937749654
0.0015425828460138291,0.0015741191455163062
0.0015484630785067566,0.001574270921992138
0.001545462459034752,0.001574838737724349
0.0015403429861180484,0.001574736088514328
0.0015439290727954358,0.001574860914843157
0.0015456666005775332,0.0015751278260722756
0.0015457088011316955,0.0015734441112726927
0.001543305566883646,0.0015733335458207875
0.0015442812364199199,0.001574324065586552
0.0015465608303202316,0.0015745067212264985
0.0015442523726960644,0.001576077745994553
0.0015480909278267063,0.001574418303789571
0.0015470253201783635,0.0015746704302728176
0.0015497725107707083,0.0015752692997921258
0.0015458389025297947,0.0015736605564597994
0.001546094128570985,0.0015733833715785295
0.0015476852931897156,0.0015744467091280967
0.0015416091482620686,0.0015729950973764062
0.0015383851932710968,0.0015727572608739138
0.0015466599943465553,0.0015724099648650736
0.0015425371020683087,0.0015721645904704928
0.0015407489045173861,0.0015723320248071104
0.0015389866020996124,0.0015724687837064266
0.001540561395813711,0.0015722571406513453
0.0015449117418029346,0.0015727290301583707
0.0015375921357190236,0.0015716915077064186
0.0015481825830647722,0.001571513304952532
0.0015452070729224943,0.0015716787602286786
0.0015401314303744584,0.0015714113833382726
0.0015435298264492303,0.0015717187779955566
0.0015412060165544972,0.001573374291183427
0.0015477679335162975,0.0015712524764239788
0.0015382902274723165,0.0015716675843577832
0.001544751132314559,0.0015720249502919614
0.0015421360658365302,0.0015717489295639098
0.0015447358528035693,0.0015713251777924597
0.001539566663268488,0.001571767876157537
0.0015443301381310448,0.0015719209040980786
0.0015435364257427864,0.0015712156891822815
0.0015396917951875366,0.0015718615613877773
0.0015534874473814853,0.0015724870609119534
0.00154406794172246,0.0015714166511315852
0.0015473203966394067,0.0015726205601822585
0.0015418236798723228,0.0015723555407021195
0.001541869183711242,0.0015721653180662543
0.0015389191030408256,0.0015717791393399239
0.0015441910290974192,0.0015715827757958323
0.0015413924120366573,0.0015711896703578532
0.001544840430142358,0.001572362205479294
0.001539407174277585,0.001571972417877987
0.001553109206724912,0.0015717067290097475
0.0015448559934156947,0.0015721634845249355
0.0015431874271598645,0.0015715687768533826
0.001540742021461483,0.0015718122012913227
0.0015436680187121965,0.0015722272510174662
0.0015423624499817379,0.001572569366544485
0.0015455269240192138,0.0015723200340289623
0.0015506955460296012,0.0015722858952358365
0.0015452768275281414,0.0015727728605270386
0.001540709738037549,0.0015725794655736536
0.001544568978715688,0.0015721813833806664
0.0015418065304402262,0.001572312496136874
0.0015423363511217758,0.0015741358802188188
0.001544795602967497,0.001572173903696239
0.0015412322463816963,0.001572673412738368
0.0015463195741176605,0.001572924928041175
0.0015355777577497065,0.0015729425067547709
0.0015441572832060046,0.0015733044710941613
0.0015393037028843537,0.001572870503878221
0.0015382464407593943,0.0015729164297226816
0.0015400135234813206,0.0015714984911028296
0.001538949138193857,0.0015728016151115298
0.0015386356171802618,0.0015714647306594998
0.0015431366045959294,0.0015716289635747671
0.00153969312668778,0.0015717993373982608
0.0015432944419444539,0.0015735864581074566
0.001537981013825629,0.001573894522152841
0.001549001011881046,0.001571073691593483
0.0015411113345180638,0.0015707896673120558
0.0015410608320962638,0.0015713493339717388
0.001539178228995297,0.0015719965158496052
0.0015445795143023133,0.0015713121683802456
0.0015440652205143124,0.0015711531159467995
0.0015467813645955175,0.0015747839061077684
0.0015406156380777247,0.0015720517258159816
0.0015466535987798125,0.0015726760029792786
0.0015444117670995183,0.0015713408938609064
0.0015428886617883109,0.0015723495453130454
0.001541137222375255,0.0015715439221821725
0.0015437580805155449,0.0015715595218352973
0.0015405487647512928,0.0015709339932072908
0.0015470476864720695,0.0015718300128355622
0.0015406626698677428,0.0015714570472482592
0.001540384539111983,0.001573530404129997
0.0015501207817578688,0.001571378845255822
0.001532628564746119,0.0015726052224636078
0.0015433945300173946,0.001571703003719449
0.0015375929433503188,0.0015707167622167617
0.0015400549818878062,0.0015703421377111226
0.001539263190352358,0.001570928405271843
0.0015416925380122848,0.0015732329338788986
0.001545448714750819,0.0015709630970377475
0.0015414801528095268,0.0015715551271568984
0.0015436716930707917,0.0015709283470641822
0.0015354164788732305,0.0015707571583334357
0.0015431945575983264,0.0015710321313235909
0.0015447565529029816,0.0015732184401713312
0.0015427790931425989,0.0015707587008364499
0.0015379302203655243,0.0015707123675383627
0.0015396405578940175,0.0015708479331806302
0.0015399423282360658,0.0015724934928584844
0.0015394591900985688,0.00157107476843521
0.0015426647732965648,0.001571240951307118
0.0015425373203470372,0.0015709935687482357
0.0015471378792426549,0.0015709686267655343
0.0015454767853952944,0.001572345063323155
0.001539644414151553,0.0015717903152108192
0.0015441349387401715,0.0015719003858976066
0.0015480930669582449,0.0015718199720140547
0.0015401695200125687,0.0015716018970124424
0.0015465688920812681,0.0015713912434875965
0.0015394156871479936,0.001571685483213514
0.0015310460366890766,0.0015715132758487016
