train_rl2,test_rl2
0.9163101837038994,0.007793786819092929
0.8617247678339481,0.007793786819092929
0.7975188940763474,0.007793786819092929
0.6545312367379665,0.007793786819092929
0.4835294149816036,0.007793786819092929
0.321182269603014,0.007793786819092929
0.2378334179520607,0.007793786819092929
0.19790065102279186,0.007793786819092929
0.16338396817445755,0.007793786819092929
0.1561116836965084,0.007793786819092929
0.14899933617562056,0.007793786819092929
0.1866060197353363,0.007793786819092929
0.15179126150906086,0.007793786819092929
0.14599024690687656,0.007793786819092929
0.13722271658480167,0.007793786819092929
0.1356241749599576,0.007793786819092929
0.13609697483479977,0.007793786819092929
0.13785136584192514,0.007793786819092929
0.13522901851683855,0.007793786819092929
0.13767194002866745,0.007793786819092929
0.12936127744615078,0.007793786819092929
0.1374608799815178,0.007793786819092929
0.15870661288499832,0.007793786819092929
0.13657680340111256,0.007793786819092929
0.12949839001521468,0.007793786819092929
0.13064238661900163,0.007793786819092929
0.12938763201236725,0.007793786819092929
0.1285941912792623,0.007793786819092929
0.12744674179702997,0.007793786819092929
0.1287856693379581,0.007793786819092929
0.12650501960888505,0.007793786819092929
0.12584810657426715,0.007793786819092929
0.12723224982619286,0.007793786819092929
0.12011666223406792,0.007793786819092929
0.13363609369844198,0.007793786819092929
0.1309161437675357,0.007793786819092929
0.1471803206950426,0.007793786819092929
0.12491183681413531,0.007793786819092929
0.1093266699463129,0.007793786819092929
0.10692924028262496,0.007793786819092929
0.10595753137022257,0.007793786819092929
0.09721641335636377,0.007793786819092929
0.10595022514462471,0.007793786819092929
0.11374671570956707,0.007793786819092929
0.1005511898547411,0.007793786819092929
0.10790917137637734,0.007793786819092929
0.093697729986161,0.007793786819092929
0.09314104402437806,0.007793786819092929
0.11359147122129798,0.007793786819092929
0.10193276405334473,0.007793786819092929
0.13228914933279157,0.007793786819092929
0.12304269755259156,0.007793786819092929
0.1324826292693615,0.007793786819092929
0.1306787538342178,0.007793786819092929
0.10163738578557968,0.007793786819092929
0.09246741374954581,0.007793786819092929
0.07537884591147304,0.007793786819092929
0.07144947070628405,0.007793786819092929
0.07157199503853917,0.007793786819092929
0.07465686649084091,0.007793786819092929
0.06900771893560886,0.007793786819092929
0.0824386440217495,0.007793786819092929
0.06926745269447565,0.007793786819092929
0.06295342789962888,0.007793786819092929
0.09024410834535956,0.007793786819092929
0.11951136868447065,0.007793786819092929
0.1274950858205557,0.007793786819092929
0.0977087072096765,0.007793786819092929
0.08019844279624522,0.007793786819092929
0.0621166646014899,0.007793786819092929
0.05723429634235799,0.007793786819092929
0.05239334492944181,0.007793786819092929
0.05108834011480212,0.007793786819092929
0.05138604203239083,0.007793786819092929
0.05048143374733627,0.007793786819092929
0.05332785751670599,0.007793786819092929
0.0786136444658041,0.007793786819092929
0.05630544247105718,0.007793786819092929
0.06881837965920568,0.007793786819092929
0.06816075276583433,0.007793786819092929
0.06172642158344388,0.007793786819092929
0.06437796377576888,0.007793786819092929
0.04371394636109471,0.007793786819092929
0.053170766681432724,0.007793786819092929
0.06265611411072314,0.007793786819092929
0.04819472739472985,0.007793786819092929
0.0828073313459754,0.007793786819092929
0.08144868421368301,0.007793786819092929
0.07353337272070348,0.007793786819092929
0.0847959031816572,0.007793786819092929
0.06951668043620884,0.007793786819092929
0.06052406900562346,0.007793786819092929
0.04392834473401308,0.007793786819092929
0.04386482900008559,0.007793786819092929
0.0531764121260494,0.007793786819092929
0.05297917639836669,0.007793786819092929
0.05021829227916896,0.007793786819092929
0.04168029339052737,0.007793786819092929
0.036672047805041075,0.007793786819092929
0.035685057984665036,0.007793786819092929
0.035331583581864834,0.007793786819092929
0.033419582061469555,0.007793786819092929
0.034891371382400393,0.007793786819092929
0.06113022891804576,0.007793786819092929
0.09753845119848847,0.007793786819092929
0.07879780163057148,0.007793786819092929
0.05638267518952489,0.007793786819092929
0.06530429935082793,0.007793786819092929
0.04674232238903642,0.007793786819092929
0.033954900805838406,0.007793786819092929
0.032207028241828084,0.007793786819092929
0.0323717559222132,0.007793786819092929
0.02998375764582306,0.007793786819092929
0.038883887813426554,0.007793786819092929
0.043837566510774195,0.007793786819092929
0.041217768099159,0.007793786819092929
0.045465850504115224,0.007793786819092929
0.037726287031546235,0.007793786819092929
0.04438907408621162,0.007793786819092929
0.04273710458073765,0.007793786819092929
0.042407631292007864,0.007793786819092929
0.03818622312974185,0.007793786819092929
0.03021769190672785,0.007793786819092929
0.03181216411758214,0.007793786819092929
0.05450604343786836,0.007793786819092929
0.043662819312885404,0.007793786819092929
0.04046093951910734,0.007793786819092929
0.03498199814930558,0.007793786819092929
0.029588743462227285,0.007793786819092929
0.026246479712426662,0.007793786819092929
0.027434128685854375,0.007793786819092929
0.053457502741366625,0.007793786819092929
0.04658665170427412,0.007793786819092929
0.03066494921222329,0.007793786819092929
0.03659764560870826,0.007793786819092929
0.03955472051165998,0.007793786819092929
0.047862108098343015,0.007793786819092929
0.04434791975654662,0.007793786819092929
0.04770599922630936,0.007793786819092929
0.028302960679866374,0.007793786819092929
0.02099079266190529,0.007793786819092929
0.02138653997099027,0.007793786819092929
0.022429589880630374,0.007793786819092929
0.022331702697556466,0.007793786819092929
0.024031427106820047,0.007793786819092929
0.02414454030804336,0.007793786819092929
0.039594545029103756,0.007793786819092929
0.04509269259870052,0.007793786819092929
0.04261750588193536,0.007793786819092929
0.04403323249425739,0.007793786819092929
0.0457523965742439,0.007793786819092929
0.03533594170585275,0.007793786819092929
0.038893718854524195,0.007793786819092929
0.02139532007277012,0.007793786819092929
0.023887180956080556,0.007793786819092929
0.03859272098634392,0.007793786819092929
0.036350124748423696,0.007793786819092929
0.03608098207041621,0.007793786819092929
0.03167716262396425,0.007793786819092929
0.028777143801562488,0.007793786819092929
0.020187194051686674,0.007793786819092929
0.01896587247028947,0.007793786819092929
0.01965800899779424,0.007793786819092929
0.029681767104193568,0.007793786819092929
0.031098801060579717,0.007793786819092929
0.034122031880542636,0.007793786819092929
0.022141936351545155,0.007793786819092929
0.018476064899004996,0.007793786819092929
0.0264369563665241,0.007793786819092929
0.02779264672426507,0.007793786819092929
0.020162040658760816,0.007793786819092929
0.03328629652969539,0.007793786819092929
0.028539141756482422,0.007793786819092929
0.034411221160553396,0.007793786819092929
0.02941531135002151,0.007793786819092929
0.031123841763474047,0.007793786819092929
0.021517661050893366,0.007793786819092929
0.03140266519039869,0.007793786819092929
0.025130369409453124,0.007793786819092929
0.016310272098053247,0.007793786819092929
0.01625174068612978,0.007793786819092929
0.017414666654076427,0.007793786819092929
0.02308379951864481,0.007793786819092929
0.023983840947039425,0.007793786819092929
0.02295898034935817,0.007793786819092929
0.03047501086257398,0.007793786819092929
0.03785465867258608,0.007793786819092929
0.025650170515291393,0.007793786819092929
0.022791600553318858,0.007793786819092929
0.03120049217250198,0.007793786819092929
0.035301367461215705,0.007793786819092929
0.031236506532877684,0.007793786819092929
0.025705554930027574,0.007793786819092929
0.024973048944957554,0.007793786819092929
0.03057617391459644,0.007793786819092929
0.030924777791369706,0.007793786819092929
0.028360185388009995,0.007793786819092929
0.03343381953891367,0.007793786819092929
0.02992045192513615,0.007793786819092929
0.029617600492201746,0.007793786819092929
0.02960750472266227,0.007793786819092929
0.026946759433485568,0.007793786819092929
0.02994407620280981,0.007793786819092929
0.028389548999257386,0.007793786819092929
0.026002724946010858,0.007793786819092929
0.021840267232619226,0.007793786819092929
0.015227241849061102,0.007793786819092929
0.014224416692741215,0.007793786819092929
0.01732879102928564,0.007793786819092929
0.022131872596219182,0.007793786819092929
0.019762564508710057,0.007793786819092929
0.028188302763737738,0.007793786819092929
0.02845812076702714,0.007793786819092929
0.026975028682500124,0.007793786819092929
0.027349536889232695,0.007793786819092929
0.025999521603807807,0.007793786819092929
0.014998666883911937,0.007793786819092929
0.013389629137236625,0.007793786819092929
0.013275546371005476,0.007793786819092929
0.014773621573112905,0.007793786819092929
0.018270029278937727,0.007793786819092929
0.015082862228155136,0.007793786819092929
0.03223190031712875,0.007793786819092929
0.02880926860962063,0.007793786819092929
0.023999381170142442,0.007793786819092929
0.020251277193892747,0.007793786819092929
0.01934886525850743,0.007793786819092929
0.02584556140936911,0.007793786819092929
0.02712752902880311,0.007793786819092929
0.02589781570713967,0.007793786819092929
0.026180313318036497,0.007793786819092929
0.02568511664867401,0.007793786819092929
0.025239863665774465,0.007793786819092929
0.025376727688126266,0.007793786819092929
0.023820735746994615,0.007793786819092929
0.02484276407631114,0.007793786819092929
0.024966832250356674,0.007793786819092929
0.024207408889196813,0.007793786819092929
0.023946359055116773,0.007793786819092929
0.024277388001792133,0.007793786819092929
0.02353100397158414,0.007793786819092929
0.02377379557583481,0.007793786819092929
0.022876392351463437,0.007793786819092929
0.02235596696846187,0.007793786819092929
0.02249269001185894,0.007793786819092929
0.02336036181077361,0.007793786819092929
0.02200718957465142,0.007793786819092929
0.02281834080349654,0.007793786819092929
0.023288940894417465,0.007793786819092929
0.02086652157595381,0.007793786819092929
0.01930536510189995,0.007793786819092929
0.018429899588227272,0.007793786819092929
0.023141333949752152,0.007793786819092929
0.02284496766515076,0.007793786819092929
0.022087337682023644,0.007793786819092929
0.021623189910314977,0.007793786819092929
0.02202098141424358,0.007793786819092929
0.022124096052721143,0.007793786819092929
0.02148603746900335,0.007793786819092929
0.02177620626753196,0.007793786819092929
0.020615014829672873,0.007793786819092929
0.021464244811795652,0.007793786819092929
0.02023327792994678,0.007793786819092929
0.020396242383867502,0.007793786819092929
0.018589322920888662,0.007793786819092929
0.01734149851836264,0.007793786819092929
0.021091160480864346,0.007793786819092929
0.021262676338665187,0.007793786819092929
0.021447226987220347,0.007793786819092929
0.0199568992247805,0.007793786819092929
0.010486360464710742,0.007793786819092929
0.011195650731679052,0.007793786819092929
0.010473976202774793,0.007793786819092929
0.010632220015395433,0.007793786819092929
0.010950936644803733,0.007793786819092929
0.010843652882613242,0.007793786819092929
0.016365638934075832,0.007793786819092929
0.01882953243330121,0.007793786819092929
0.025414664356503636,0.007793786819092929
0.017522751004435122,0.007793786819092929
0.011190133925992996,0.007793786819092929
0.010609202377963811,0.007793786819092929
0.01055129844462499,0.007793786819092929
0.011141595779918134,0.007793786819092929
0.009774219710379839,0.007793786819092929
0.011149620811920613,0.007793786819092929
0.011623026104643941,0.007793786819092929
0.012493005080614239,0.007793786819092929
0.01245329313678667,0.007793786819092929
0.014169260859489441,0.007793786819092929
0.016941617359407246,0.007793786819092929
0.019152896129526198,0.007793786819092929
0.02228083019144833,0.007793786819092929
0.021748583239968866,0.007793786819092929
0.022007534629665315,0.007793786819092929
0.021315911086276174,0.007793786819092929
0.014120380976237357,0.007793786819092929
0.010294614708982408,0.007793786819092929
0.011028205888578668,0.007793786819092929
0.011020100384484977,0.007793786819092929
0.010863669973332435,0.007793786819092929
0.011087123246397823,0.007793786819092929
0.012285270815482363,0.007793786819092929
0.01661102334037423,0.007793786819092929
0.012471635069232434,0.007793786819092929
0.011701710114721209,0.007793786819092929
0.018031883519142866,0.007793786819092929
0.01784570555901155,0.007793786819092929
0.021449420601129532,0.007793786819092929
0.021127427637111396,0.007793786819092929
0.01994279958307743,0.007793786819092929
0.020253073249477893,0.007793786819092929
0.020694451464805752,0.007793786819092929
0.02109269902575761,0.007793786819092929
0.01931011868873611,0.007793786819092929
0.020521964179351926,0.007793786819092929
0.020244272076524794,0.007793786819092929
0.02089434361550957,0.007793786819092929
0.020586265600286424,0.007793786819092929
0.02035733580123633,0.007793786819092929
0.020276753581129014,0.007793786819092929
0.020026640500873327,0.007793786819092929
0.019788141478784382,0.007793786819092929
0.019426344078965485,0.007793786819092929
0.01969106448814273,0.007793786819092929
0.01941568241454661,0.007793786819092929
0.01852434716420248,0.007793786819092929
0.018846820399630815,0.007793786819092929
0.019333066302351654,0.007793786819092929
0.01920011336915195,0.007793786819092929
0.018783731444273144,0.007793786819092929
0.018798840115778148,0.007793786819092929
0.018479308229871094,0.007793786819092929
0.01840620336588472,0.007793786819092929
0.018209441390354186,0.007793786819092929
0.01850607746746391,0.007793786819092929
0.018721810774877667,0.007793786819092929
0.018148704315535724,0.007793786819092929
0.017987033061217517,0.007793786819092929
0.017503674956969917,0.007793786819092929
0.019078003184404224,0.007793786819092929
0.01811672729672864,0.007793786819092929
0.01793958304915577,0.007793786819092929
0.01774276705691591,0.007793786819092929
0.01808653090847656,0.007793786819092929
0.01791280973702669,0.007793786819092929
0.017827814619522542,0.007793786819092929
0.017749395570717752,0.007793786819092929
0.017694763198960572,0.007793786819092929
0.017820183420553803,0.007793786819092929
0.014993321849033237,0.007793786819092929
0.01666186237707734,0.007793786819092929
0.017708211846183985,0.007793786819092929
0.017419917741790414,0.007793786819092929
0.013929100590758026,0.007793786819092929
0.011980416864389554,0.007793786819092929
0.008802113618003204,0.007793786819092929
0.00887328473618254,0.007793786819092929
0.00974648815463297,0.007793786819092929
0.00983324387925677,0.007793786819092929
0.010348245967179537,0.007793786819092929
0.01116736710537225,0.007793786819092929
0.016147978545632213,0.007793786819092929
0.01768507290398702,0.007793786819092929
0.013660998054547235,0.007793786819092929
0.009452658239752054,0.007793786819092929
0.008979105594335124,0.007793786819092929
0.009267822635592893,0.007793786819092929
0.009338642499642447,0.007793786819092929
0.009387253987370059,0.007793786819092929
0.009695130604086444,0.007793786819092929
0.00978717691032216,0.007793786819092929
0.010845111857634038,0.007793786819092929
0.014311366772744805,0.007793786819092929
0.013656535593327135,0.007793786819092929
0.014209504937753081,0.007793786819092929
0.013392460474278778,0.007793786819092929
0.012757010466884822,0.007793786819092929
0.014117378450464457,0.007793786819092929
0.013753268111031502,0.007793786819092929
0.016375874227378517,0.007793786819092929
0.018192267802078277,0.007793786819092929
0.012793131812941283,0.007793786819092929
0.013984949328005314,0.007793786819092929
0.014555433997884393,0.007793786819092929
0.018734425015281886,0.007793786819092929
0.0169098632177338,0.007793786819092929
0.016833816771395504,0.007793786819092929
0.013491923222318292,0.007793786819092929
0.013843883119989187,0.007793786819092929
0.009558136080158874,0.007793786819092929
0.009592542133759707,0.007793786819092929
0.009320356999523938,0.007793786819092929
0.009328422893304378,0.007793786819092929
0.009587252076016739,0.007793786819092929
0.009717791865114123,0.007793786819092929
0.009377652546390891,0.007793786819092929
0.009477810061071068,0.007793786819092929
0.011418299633078277,0.007793786819092929
0.013726895092986524,0.007793786819092929
0.013984793913550675,0.007793786819092929
0.019262669899035245,0.007793786819092929
0.01901489240117371,0.007793786819092929
0.01926925644511357,0.007793786819092929
0.018778937694150954,0.007793786819092929
0.018296870170161128,0.007793786819092929
0.018839050258975476,0.007793786819092929
0.014438294630963355,0.007793786819092929
0.009856272517936304,0.007793786819092929
0.009190358832711354,0.007793786819092929
0.009176496911095455,0.007793786819092929
0.009241378778824583,0.007793786819092929
0.0096007643151097,0.007793786819092929
0.00955621968023479,0.007793786819092929
0.009610725799575448,0.007793786819092929
0.009829210175666958,0.007793786819092929
0.009591084206476808,0.007793786819092929
0.009138031949987635,0.007793786819092929
0.009617536736186594,0.007793786819092929
0.00916636799229309,0.007793786819092929
0.00935797204147093,0.007793786819092929
0.009667514823377132,0.007793786819092929
0.00963513136957772,0.007793786819092929
0.010118453996255994,0.007793786819092929
0.011136615124996752,0.007793786819092929
0.019543805217836052,0.007793786819092929
0.019443826924543828,0.007793786819092929
0.017994526191614568,0.007793786819092929
0.01887266052654013,0.007793786819092929
0.01885926933027804,0.007793786819092929
0.017969001666642725,0.007793786819092929
0.018780572921968997,0.007793786819092929
0.01792330323951319,0.007793786819092929
0.017529169155750424,0.007793786819092929
0.01775933528551832,0.007793786819092929
0.01751566509483382,0.007793786819092929
0.016900802787858993,0.007793786819092929
0.01666160486638546,0.007793786819092929
0.018024610937573016,0.007793786819092929
0.014657973602879792,0.007793786819092929
0.015434136963449419,0.007793786819092929
0.017377921903971583,0.007793786819092929
0.017867282265797257,0.007793786819092929
0.0176131974440068,0.007793786819092929
0.01698306278558448,0.007793786819092929
0.017382558609824628,0.007793786819092929
0.016993438242934644,0.007793786819092929
0.017209408804774284,0.007793786819092929
0.01659367571119219,0.007793786819092929
0.01682740676915273,0.007793786819092929
0.016402353532612324,0.007793786819092929
0.01750124740647152,0.007793786819092929
0.011333563772495836,0.007793786819092929
0.010062049113912508,0.007793786819092929
0.010136371769476682,0.007793786819092929
0.009863813815172762,0.007793786819092929
0.009318152908235788,0.007793786819092929
0.008704522508196533,0.007793786819092929
0.009045533020980656,0.007793786819092929
0.008612011792138219,0.007793786819092929
0.009511194512015209,0.007793786819092929
0.015034676413051784,0.007793786819092929
0.016998852661345154,0.007793786819092929
0.015900962403975427,0.007793786819092929
0.015616181830409914,0.007793786819092929
0.016863044176716357,0.007793786819092929
0.017268102965317667,0.007793786819092929
0.016631864535156637,0.007793786819092929
0.01722428685752675,0.007793786819092929
0.016899630543775856,0.007793786819092929
0.016738826292566955,0.007793786819092929
0.016745979839470237,0.007793786819092929
0.016367371892556548,0.007793786819092929
0.015817109204363078,0.007793786819092929
0.015709891624283046,0.007793786819092929
0.015561789041385055,0.007793786819092929
0.014529768784996122,0.007793786819092929
0.014839222421869636,0.007793786819092929
0.015339924895670265,0.007793786819092929
0.013580774248111993,0.007793786819092929
0.01372549234656617,0.007793786819092929
0.016050674952566624,0.007793786819092929
0.01602781080873683,0.007793786819092929
0.01550015521934256,0.007793786819092929
0.015851343050599098,0.007793786819092929
0.013145242759492248,0.007793786819092929
0.011665390280541033,0.007793786819092929
0.013545600057113916,0.007793786819092929
0.01235266390722245,0.007793786819092929
0.013150328188203275,0.007793786819092929
0.00945486215641722,0.007793786819092929
0.008411738934228197,0.007793786819092929
0.00883467317908071,0.007793786819092929
0.008718821161892265,0.007793786819092929
0.00841673303511925,0.007793786819092929
0.008891924051567912,0.007793786819092929
0.008665860892506316,0.007793786819092929
0.008894305676221848,0.007793786819092929
0.009742963564349338,0.007793786819092929
0.013138318201527,0.007793786819092929
0.0119638069299981,0.007793786819092929
0.009374635730637237,0.007793786819092929
0.008674616896314546,0.007793786819092929
0.008689441659953445,0.007793786819092929
0.008176317904144526,0.007793786819092929
0.00838781805941835,0.007793786819092929
0.008724605257157236,0.007793786819092929
0.008460996847134084,0.007793786819092929
0.008262353570898995,0.007793786819092929
0.00880876395967789,0.007793786819092929
0.009143650269834325,0.007793786819092929
0.00904700014507398,0.007793786819092929
0.008998692326713353,0.007793786819092929
0.009005570143926889,0.007793786819092929
0.008503830496920273,0.007793786819092929
0.008881719986675307,0.007793786819092929
0.00930117440293543,0.007793786819092929
0.009029923210619017,0.007793786819092929
0.008441320183919743,0.007793786819092929
0.016335018328391016,0.007793786819092929
0.01776730694109574,0.007793786819092929
0.017575917823705822,0.007793786819092929
0.015668219595681876,0.007793786819092929
0.01335118111455813,0.007793786819092929
0.012804720900021493,0.007793786819092929
0.012841213349020109,0.007793786819092929
0.012548670056276023,0.007793786819092929
0.009142735449131578,0.007793786819092929
0.008858307672198862,0.007793786819092929
0.00823329741251655,0.007793786819092929
0.008983790350612253,0.007793786819092929
0.009392922656843439,0.007793786819092929
0.015170919767115265,0.007793786819092929
0.014436071331147105,0.007793786819092929
0.013973188877571374,0.007793786819092929
0.015791793761309236,0.007793786819092929
0.017950115958228707,0.007793786819092929
0.01766070898156613,0.007793786819092929
0.01775396429002285,0.007793786819092929
0.017257502302527428,0.007793786819092929
0.016773308452684432,0.007793786819092929
0.016868826583959162,0.007793786819092929
0.013592330738902092,0.007793786819092929
0.012818710587453097,0.007793786819092929
0.012252646964043379,0.007793786819092929
0.009921620396198705,0.007793786819092929
0.008736487303394824,0.007793786819092929
0.0084849635604769,0.007793786819092929
0.008517934882547706,0.007793786819092929
0.011214396334253252,0.007793786819092929
0.011582490580622107,0.007793786819092929
0.011646602302789688,0.007793786819092929
0.010896322637563571,0.007793786819092929
0.012098230770789087,0.007793786819092929
0.01121433000662364,0.007793786819092929
0.013074197573587298,0.007793786819092929
0.010898902895860374,0.007793786819092929
0.010813599335961044,0.007793786819092929
0.009411720122443512,0.007793786819092929
0.012099665007553995,0.007793786819092929
0.011096916568931192,0.007793786819092929
0.01119969942374155,0.007793786819092929
0.010504527890589088,0.007793786819092929
0.010047807212686166,0.007793786819092929
0.013079624099191278,0.007793786819092929
0.010609843593556434,0.007793786819092929
0.015193114435533062,0.007793786819092929
0.017913512769155204,0.007793786819092929
0.01461217924952507,0.007793786819092929
0.01847673422889784,0.007793786819092929
0.01791316835442558,0.007793786819092929
0.01592831837479025,0.007793786819092929
0.012266967503819615,0.007793786819092929
0.014578330505173653,0.007793786819092929
0.01693498232634738,0.007793786819092929
0.016961344168521464,0.007793786819092929
0.016857621376402676,0.007793786819092929
0.016922322276514024,0.007793786819092929
0.016072833561338484,0.007793786819092929
0.013354518479900435,0.007793786819092929
0.008756889495998621,0.007793786819092929
0.008134139439789578,0.007793786819092929
0.008017169951926917,0.007793786819092929
0.007556842581834644,0.007793786819092929
0.008756695897318423,0.007793786819092929
0.014661295048426837,0.007793786819092929
0.013988929626066238,0.007793786819092929
0.011987482663244009,0.007793786819092929
0.016151199233718216,0.007793786819092929
0.016102701076306403,0.007793786819092929
0.015169296239037067,0.007793786819092929
0.015719982446171343,0.007793786819092929
0.016056304215453565,0.007793786819092929
0.015770485915709287,0.007793786819092929
0.015736532222945243,0.007793786819092929
0.015498848515562713,0.007793786819092929
0.015411284053698182,0.007793786819092929
0.015141904994379729,0.007793786819092929
0.014663225039839745,0.007793786819092929
0.015081780555192381,0.007793786819092929
0.014864783908706158,0.007793786819092929
0.014645739167463034,0.007793786819092929
0.013831372314598411,0.007793786819092929
0.013338481541723013,0.007793786819092929
0.013100011798087507,0.007793786819092929
0.012694415228907019,0.007793786819092929
0.012256269750650972,0.007793786819092929
0.011919146752916276,0.007793786819092929
0.010824042255990207,0.007793786819092929
0.010442117258207873,0.007793786819092929
0.010713099502027035,0.007793786819092929
0.0118858817149885,0.007793786819092929
0.012617166386917233,0.007793786819092929
0.008230618754168972,0.007793786819092929
0.008115315315080807,0.007793786819092929
0.007999020512215793,0.007793786819092929
0.007808362104697153,0.007793786819092929
0.007908966508693993,0.007793786819092929
0.008043853071285412,0.007793786819092929
0.010094785888213664,0.007793786819092929
0.010075698781292886,0.007793786819092929
0.00979669694788754,0.007793786819092929
0.009536792029393837,0.007793786819092929
0.009034819464432076,0.007793786819092929
0.007965100550791249,0.007793786819092929
0.008566687407437712,0.007793786819092929
0.007980656926520169,0.007793786819092929
0.00853286634082906,0.007793786819092929
0.008177070296369493,0.007793786819092929
0.008595029590651393,0.007793786819092929
0.008496443973854184,0.007793786819092929
0.008409086207393557,0.007793786819092929
0.008034017897443846,0.007793786819092929
0.008309271826874465,0.007793786819092929
0.008409568690694869,0.007793786819092929
0.008378075261134654,0.007793786819092929
0.008526955905836076,0.007793786819092929
0.00903503125300631,0.007793786819092929
0.008418191486271098,0.007793786819092929
0.008702644845470786,0.007793786819092929
0.010728798195486888,0.007793786819092929
0.015629674133379012,0.007793786819092929
0.016561168886255473,0.007793786819092929
0.015576550969853997,0.007793786819092929
0.01612493157153949,0.007793786819092929
0.015942071622703224,0.007793786819092929
0.015870965784415603,0.007793786819092929
0.015733064152300358,0.007793786819092929
0.015440459595993161,0.007793786819092929
0.015485525305848569,0.007793786819092929
0.014617287728469819,0.007793786819092929
0.01413112401496619,0.007793786819092929
0.01509214419638738,0.007793786819092929
0.014450449671130627,0.007793786819092929
0.014345645671710372,0.007793786819092929
0.014411043608561158,0.007793786819092929
0.014414297125767916,0.007793786819092929
0.014578386559151113,0.007793786819092929
0.014179209887515754,0.007793786819092929
0.01312814699485898,0.007793786819092929
0.013396499096415937,0.007793786819092929
0.011081507400376722,0.007793786819092929
0.011559100297745317,0.007793786819092929
0.009242107771569863,0.007793786819092929
0.006936861522262916,0.007793786819092929
0.007480774627765641,0.007793786819092929
0.007676502951653674,0.007793786819092929
0.007745715440250933,0.007793786819092929
0.007638133451109752,0.007793786819092929
0.007712180813541636,0.007793786819092929
0.007412669307086617,0.007793786819092929
0.00837104709353298,0.007793786819092929
0.012474823917727917,0.007793786819092929
0.013121116848196834,0.007793786819092929
0.015570354415103793,0.007793786819092929
0.015485851268749684,0.007793786819092929
0.01496774860424921,0.007793786819092929
0.015177808876615018,0.007793786819092929
0.01504965906497091,0.007793786819092929
0.01506342034554109,0.007793786819092929
0.014539063442498446,0.007793786819092929
0.014268438564613461,0.007793786819092929
0.014183837221935391,0.007793786819092929
0.014549777959473431,0.007793786819092929
0.014630346500780433,0.007793786819092929
0.01379618450300768,0.007793786819092929
0.013506681250873953,0.007793786819092929
0.012443759711459279,0.007793786819092929
0.012458737124688923,0.007793786819092929
0.011391676671337336,0.007793786819092929
0.012789588596206158,0.007793786819092929
0.012438744772225618,0.007793786819092929
0.012760317651554942,0.007793786819092929
0.01189362577861175,0.007793786819092929
0.011902265483513474,0.007793786819092929
0.011052654619561508,0.007793786819092929
0.011075827293097973,0.007793786819092929
0.011021722253644839,0.007793786819092929
0.010782944766106084,0.007793786819092929
0.012711035669781268,0.007793786819092929
0.015396142611280084,0.007793786819092929
0.015027413901407272,0.007793786819092929
0.01437693543266505,0.007793786819092929
0.014648642914835364,0.007793786819092929
0.014369116048328578,0.007793786819092929
0.013475889572873712,0.007793786819092929
0.01320860191481188,0.007793786819092929
0.011467561940662563,0.007793786819092929
0.012575779051985592,0.007793786819092929
0.014260432333685458,0.007793786819092929
0.014225109887775034,0.007793786819092929
0.01404097507474944,0.007793786819092929
0.013921555771958083,0.007793786819092929
0.013743453368078917,0.007793786819092929
0.013962368771899492,0.007793786819092929
0.013128211256116629,0.007793786819092929
0.013710653001908213,0.007793786819092929
0.01348613080335781,0.007793786819092929
0.013185951160266995,0.007793786819092929
0.013161410053726286,0.007793786819092929
0.011779733817093074,0.007793786819092929
0.012003983138129115,0.007793786819092929
0.01293598668416962,0.007793786819092929
0.01293445035116747,0.007793786819092929
0.01166231167735532,0.007793786819092929
0.012259916984476149,0.007793786819092929
0.01315871044062078,0.007793786819092929
0.011396849469747394,0.007793786819092929
0.011633124959189445,0.007793786819092929
0.010445570980664343,0.007793786819092929
0.012692160264123231,0.007793786819092929
0.011983591975877061,0.007793786819092929
0.012032662518322468,0.007793786819092929
0.011725771881174296,0.007793786819092929
0.0077980362984817475,0.007793786819092929
0.0073549576045479625,0.007793786819092929
0.0067332682956475765,0.007793786819092929
0.007412086153635755,0.007793786819092929
0.006834206898929551,0.007793786819092929
0.0074812052480410784,0.007793786819092929
0.007713375292951241,0.007793786819092929
0.007116347027476877,0.007793786819092929
0.007367613143287599,0.007793786819092929
0.008556895394576713,0.007793786819092929
0.009745652350829914,0.007793786819092929
0.012320808717049658,0.007793786819092929
0.013684954901691526,0.007793786819092929
0.012285788427107036,0.007793786819092929
0.01106156234163791,0.007793786819092929
0.012983005959540606,0.007793786819092929
0.013096092559862882,0.007793786819092929
0.009156151238130406,0.007793786819092929
0.007276387681486085,0.007793786819092929
0.007129467761842534,0.007793786819092929
0.008071788353845477,0.007793786819092929
0.0073573916452005506,0.007793786819092929
0.008242077485192567,0.007793786819092929
0.011597904027439654,0.007793786819092929
0.013874397322069854,0.007793786819092929
0.01416105532553047,0.007793786819092929
0.01353399595245719,0.007793786819092929
0.012141019629780203,0.007793786819092929
0.012668797106016427,0.007793786819092929
0.012554205837659538,0.007793786819092929
0.011680284631438553,0.007793786819092929
0.011413480388000607,0.007793786819092929
0.010106923553394154,0.007793786819092929
0.009057026356458664,0.007793786819092929
0.011052999238017946,0.007793786819092929
0.009863528481218964,0.007793786819092929
0.010470628913026303,0.007793786819092929
0.009325950697530061,0.007793786819092929
0.010070221294881776,0.007793786819092929
0.010872287559323013,0.007793786819092929
0.01082560745999217,0.007793786819092929
0.010562983981799334,0.007793786819092929
0.01032318384386599,0.007793786819092929
0.011428772355429828,0.007793786819092929
0.011527931375894696,0.007793786819092929
0.01292866308358498,0.007793786819092929
0.015351356763858348,0.007793786819092929
0.015188729332294315,0.007793786819092929
0.01290418382268399,0.007793786819092929
0.009158068045508116,0.007793786819092929
0.012307583587244153,0.007793786819092929
0.013527690549381077,0.007793786819092929
0.013953017711173743,0.007793786819092929
0.014634957537055016,0.007793786819092929
0.013969906081911176,0.007793786819092929
0.014085267786867917,0.007793786819092929
0.013201067165937275,0.007793786819092929
0.01394019479630515,0.007793786819092929
0.013793998339679092,0.007793786819092929
0.013775874336715788,0.007793786819092929
0.013807695999275893,0.007793786819092929
0.013777044252492487,0.007793786819092929
0.013121672673150897,0.007793786819092929
0.013144993339665234,0.007793786819092929
0.012692777585471049,0.007793786819092929
0.012384010828100145,0.007793786819092929
0.009940541320247576,0.007793786819092929
0.010851282597286627,0.007793786819092929
0.01350167125929147,0.007793786819092929
0.013166260265279561,0.007793786819092929
0.013193772349040955,0.007793786819092929
0.012619359709788114,0.007793786819092929
0.013320227270014584,0.007793786819092929
0.0130430365097709,0.007793786819092929
0.012848415004555136,0.007793786819092929
0.012381732754874974,0.007793786819092929
0.012872798630269244,0.007793786819092929
0.012682038825005293,0.007793786819092929
0.01238867489155382,0.007793786819092929
0.012636859435588121,0.007793786819092929
0.012479917437303811,0.007793786819092929
0.011615192983299494,0.007793786819092929
0.010050795128336176,0.007793786819092929
0.010483736550668254,0.007793786819092929
0.010637964063789696,0.007793786819092929
0.007690651807934046,0.007793786819092929
0.006891365250339732,0.007793786819092929
0.0067026272299699485,0.007793786819092929
0.006757330324035138,0.007793786819092929
0.006596766033908352,0.007793786819092929
0.0066066470462828875,0.007793786819092929
0.006631440599448979,0.007793786819092929
0.007522840518504381,0.007793786819092929
0.007582549442304298,0.007793786819092929
0.011478743108455092,0.007793786819092929
0.01175954460632056,0.007793786819092929
0.011596266704145819,0.007793786819092929
0.01058406414813362,0.007793786819092929
0.011489331896882504,0.007793786819092929
0.009500689804553986,0.007793786819092929
0.007218796061351895,0.007793786819092929
0.007098681206116453,0.007793786819092929
0.00892353555536829,0.007793786819092929
0.012493597925640643,0.007793786819092929
0.011315540177747607,0.007793786819092929
0.012973770033568144,0.007793786819092929
0.013807737443130463,0.007793786819092929
0.013769508572295308,0.007793786819092929
0.013845339592080563,0.007793786819092929
0.012465161853469908,0.007793786819092929
0.009595209383405745,0.007793786819092929
0.00969436316518113,0.007793786819092929
0.008612317411461845,0.007793786819092929
0.007343233766732737,0.007793786819092929
0.008964064356405288,0.007793786819092929
0.007098755537299439,0.007793786819092929
0.006943099928321317,0.007793786819092929
0.00698779066442512,0.007793786819092929
0.007078034279402345,0.007793786819092929
0.00708069940446876,0.007793786819092929
0.007312775123864412,0.007793786819092929
0.00930439168587327,0.007793786819092929
0.011017165787052363,0.007793786819092929
0.011539059225469828,0.007793786819092929
0.011292437789961696,0.007793786819092929
0.01258741447236389,0.007793786819092929
0.012504486949183047,0.007793786819092929
0.014035214844625443,0.007793786819092929
0.013975985290016979,0.007793786819092929
0.0140147446654737,0.007793786819092929
0.013598280609585345,0.007793786819092929
0.013539798965211958,0.007793786819092929
0.013074617541860789,0.007793786819092929
0.011815636622486636,0.007793786819092929
0.011672384513076395,0.007793786819092929
0.013244155969005078,0.007793786819092929
0.012175030715297908,0.007793786819092929
0.010504811711143702,0.007793786819092929
0.011280903592705727,0.007793786819092929
0.007982960698427632,0.007793786819092929
0.006885240785777569,0.007793786819092929
0.006431729794712737,0.007793786819092929
0.006677368393866345,0.007793786819092929
0.006901904940605164,0.007793786819092929
0.006818006630055606,0.007793786819092929
0.0067191528796684,0.007793786819092929
0.006667555804597214,0.007793786819092929
0.0067764656560029835,0.007793786819092929
0.006969606183702126,0.007793786819092929
0.006948237889446318,0.007793786819092929
0.006776788592105731,0.007793786819092929
0.006542442395584658,0.007793786819092929
0.00716497193207033,0.007793786819092929
0.007552426686743274,0.007793786819092929
0.00882563495542854,0.007793786819092929
0.010640921856975183,0.007793786819092929
0.011619867669651285,0.007793786819092929
0.012988246220629662,0.007793786819092929
0.014160668128170073,0.007793786819092929
0.013848720351234078,0.007793786819092929
0.013474052248056978,0.007793786819092929
0.013375313952565193,0.007793786819092929
0.013812711462378502,0.007793786819092929
0.012835228291805834,0.007793786819092929
0.013512956036720425,0.007793786819092929
0.012797710718587041,0.007793786819092929
0.012923377857077867,0.007793786819092929
0.01275666750734672,0.007793786819092929
0.013054951501544565,0.007793786819092929
0.012277559784706682,0.007793786819092929
0.012150737165939063,0.007793786819092929
0.01247719640377909,0.007793786819092929
0.012568974809255451,0.007793786819092929
0.012493149610236287,0.007793786819092929
0.012027518299873918,0.007793786819092929
0.012291564606130123,0.007793786819092929
0.01216207112884149,0.007793786819092929
0.012509277497883886,0.007793786819092929
0.011125874938443303,0.007793786819092929
0.01202312484383583,0.007793786819092929
0.011937149800360203,0.007793786819092929
0.012071216013282537,0.007793786819092929
0.012001600465737283,0.007793786819092929
0.01232076808810234,0.007793786819092929
0.011664561228826642,0.007793786819092929
0.011761279485654086,0.007793786819092929
0.012137437297496945,0.007793786819092929
0.011531169177033007,0.007793786819092929
0.011826931964606047,0.007793786819092929
0.011538520397152752,0.007793786819092929
0.010692526935599744,0.007793786819092929
0.009063081641215831,0.007793786819092929
0.007007266976870596,0.007793786819092929
0.009237941587343812,0.007793786819092929
0.009342353761894628,0.007793786819092929
0.007872043031966314,0.007793786819092929
0.006800457369536161,0.007793786819092929
0.006477417948190123,0.007793786819092929
0.007171053468482569,0.007793786819092929
0.006910410447744653,0.007793786819092929
0.0070600501203443855,0.007793786819092929
0.006862293492304161,0.007793786819092929
0.006599323358386755,0.007793786819092929
0.007371612067800015,0.007793786819092929
0.007374297681963071,0.007793786819092929
0.00693797308485955,0.007793786819092929
0.006780758500099182,0.007793786819092929
0.007112634630175307,0.007793786819092929
0.006902942317537963,0.007793786819092929
0.007511448464356363,0.007793786819092929
0.007018314325250685,0.007793786819092929
0.006987828557612374,0.007793786819092929
0.006720755540300161,0.007793786819092929
0.007015414448687807,0.007793786819092929
0.007090509112458676,0.007793786819092929
0.006692156137432903,0.007793786819092929
0.006615032034460455,0.007793786819092929
0.006532565632369369,0.007793786819092929
0.007041536387987435,0.007793786819092929
0.007977979665156454,0.007793786819092929
0.0132658876827918,0.007793786819092929
0.012476802570745349,0.007793786819092929
0.013515546335838735,0.007793786819092929
0.013214519654866308,0.007793786819092929
0.012998211197555065,0.007793786819092929
0.011442437127698213,0.007793786819092929
0.010824006691109389,0.007793786819092929
0.010558986745309085,0.007793786819092929
0.006960064260056242,0.007793786819092929
0.006822884664870799,0.007793786819092929
0.0067337508662603796,0.007793786819092929
0.007078412745613605,0.007793786819092929
0.007228116854093969,0.007793786819092929
0.006920602667378262,0.007793786819092929
0.006647744099609554,0.007793786819092929
0.006862700218334794,0.007793786819092929
0.006877465435536578,0.007793786819092929
0.007896268391050398,0.007793786819092929
0.009700974973384291,0.007793786819092929
0.011248419410549104,0.007793786819092929
0.00883202932891436,0.007793786819092929
0.007749702403089032,0.007793786819092929
0.0068224905407987535,0.007793786819092929
0.007053781853755936,0.007793786819092929
0.007563317893072963,0.007793786819092929
0.006804339063819498,0.007793786819092929
0.0075792908610310405,0.007793786819092929
0.006900895183207467,0.007793786819092929
0.007528863352490589,0.007793786819092929
0.00669336729333736,0.007793786819092929
0.007011145673459396,0.007793786819092929
0.007044710364425555,0.007793786819092929
0.006582023052033037,0.007793786819092929
0.0070702753437217325,0.007793786819092929
0.006856511114165187,0.007793786819092929
0.007065770885674283,0.007793786819092929
0.007291069312486798,0.007793786819092929
0.006843146053142846,0.007793786819092929
0.006880989269120619,0.007793786819092929
0.007031193788861856,0.007793786819092929
0.0071050557307899,0.007793786819092929
0.007117737171938643,0.007793786819092929
0.007020241697318852,0.007793786819092929
0.007670295162824914,0.007793786819092929
0.006658088648691773,0.007793786819092929
0.006919262727024034,0.007793786819092929
