train_rl2,test_rl2
0.7436485290527344,0.7447589039802551
0.4164750277996063,0.41668155789375305
0.5181137919425964,0.5316891074180603
0.21645015478134155,0.20679603517055511
0.2995644211769104,0.2949126362800598
0.28985267877578735,0.2850956320762634
0.2133142352104187,0.20621860027313232
0.1752258688211441,0.1674659103155136
0.22414538264274597,0.22237223386764526
0.21421371400356293,0.21440604329109192
0.17248386144638062,0.17159484326839447
0.1726314127445221,0.16928191483020782
0.18862003087997437,0.1827540546655655
0.1840129792690277,0.17447620630264282
0.16889435052871704,0.15412065386772156
0.16632753610610962,0.14941182732582092
0.1719599813222885,0.1583016961812973
0.16597554087638855,0.1572263240814209
0.1589111089706421,0.15430673956871033
0.16329950094223022,0.1614227294921875
0.1652982234954834,0.16342313587665558
0.15826554596424103,0.1543426811695099
0.15198373794555664,0.14470608532428741
0.15450531244277954,0.14399680495262146
0.15860840678215027,0.14627894759178162
0.1555146723985672,0.14314554631710052
0.14850299060344696,0.1378016322851181
0.14737564325332642,0.13999497890472412
0.15038786828517914,0.1458531767129898
0.14686550199985504,0.14284896850585938
0.1436186581850052,0.13867492973804474
0.14495603740215302,0.13925866782665253
0.1427430659532547,0.13619695603847504
0.1382528394460678,0.1313237100839615
0.13874849677085876,0.13269349932670593
0.1371852308511734,0.1313409060239792
0.1320566087961197,0.1252320110797882
0.13142433762550354,0.12467784434556961
0.12770646810531616,0.12235210090875626
0.12576276063919067,0.12235052138566971
0.12124671041965485,0.1174158826470375
0.12027774751186371,0.11660560220479965
0.11456379294395447,0.11129748821258545
0.11167357861995697,0.10728272050619125
0.10667693614959717,0.10246963053941727
0.10581592470407486,0.10250238329172134
0.10441849380731583,0.10194163769483566
0.1917707771062851,0.1854502409696579
0.15868665277957916,0.15237592160701752
0.181010439991951,0.17233134806156158
0.17230232059955597,0.165230855345726
0.16149653494358063,0.15521395206451416
0.15339823067188263,0.14644475281238556
0.15053299069404602,0.14277546107769012
0.1447252333164215,0.13691699504852295
0.1411227434873581,0.13315822184085846
0.13800989091396332,0.13073468208312988
0.1347634345293045,0.12750838696956635
0.13213002681732178,0.12399491667747498
0.13134750723838806,0.1241225004196167
0.1265355497598648,0.12100265175104141
0.12398292124271393,0.11896412819623947
0.12199920415878296,0.11582978069782257
0.11622247099876404,0.11002463847398758
0.12007226794958115,0.11499561369419098
0.1327485293149948,0.12633100152015686
0.11403509229421616,0.11090615391731262
0.15585173666477203,0.15418796241283417
0.1261068433523178,0.11814820766448975
0.13904890418052673,0.13262206315994263
0.13745689392089844,0.1383199840784073
0.12777939438819885,0.12784574925899506
0.11762069165706635,0.11027143150568008
0.12100138515233994,0.11265634000301361
0.11662156879901886,0.110312819480896
0.10917714983224869,0.10606059432029724
0.1157158613204956,0.11333418637514114
0.11622042208909988,0.11380530893802643
0.10693473368883133,0.10480275005102158
0.10529904067516327,0.10174176841974258
0.10745266079902649,0.10289349406957626
0.1016063317656517,0.09684045612812042
0.09953083097934723,0.09724969416856766
0.09541907161474228,0.0935027003288269
0.09653285890817642,0.09150689840316772
0.09218259900808334,0.08832670003175735
0.09486802667379379,0.0909813940525055
0.10049493610858917,0.09711656719446182
0.10299326479434967,0.09697496145963669
0.11237721890211105,0.1074572503566742
0.08869114518165588,0.08708634972572327
0.09900534152984619,0.09507177770137787
0.08825433254241943,0.08626927435398102
0.08586076647043228,0.08314333111047745
0.08379338681697845,0.0806959867477417
0.09742719680070877,0.09659236669540405
0.10534671694040298,0.10125056654214859
0.1042034924030304,0.09898660331964493
0.11063233017921448,0.10688615590333939
0.0835796371102333,0.07925684005022049
0.10566522181034088,0.1042318344116211
0.08944917470216751,0.08897481858730316
0.08530323207378387,0.08149009197950363
0.08667054772377014,0.0845903605222702
0.08050204068422318,0.07791365683078766
0.08849795907735825,0.08190223574638367
0.08788806945085526,0.09015656262636185
0.07687469571828842,0.07465378940105438
0.07550104707479477,0.07269880920648575
0.06811381131410599,0.06562454998493195
0.07221900671720505,0.07028676569461823
0.07776356488466263,0.07338318973779678
0.08503188192844391,0.08301541954278946
0.07793071866035461,0.07554662972688675
0.09053932130336761,0.08731314539909363
0.09523594379425049,0.08945444226264954
0.07869613170623779,0.07564709335565567
0.09234052151441574,0.0899207666516304
0.11890432238578796,0.10808132588863373
0.12608426809310913,0.11751701682806015
0.11254607886075974,0.1121760830283165
0.10497348755598068,0.10717587918043137
0.09283734858036041,0.08681818097829819
0.09418158233165741,0.0854261964559555
0.08780796080827713,0.08583515137434006
0.09100902080535889,0.09008477628231049
0.07223708182573318,0.06936611235141754
0.088259257376194,0.08420369774103165
0.07738618552684784,0.07397226244211197
0.08311246335506439,0.08042970299720764
0.07618983089923859,0.07330751419067383
0.06979165226221085,0.06591352075338364
0.07121124118566513,0.06744593381881714
0.06496591120958328,0.06273301690816879
0.06952785700559616,0.0672123059630394
0.0582035668194294,0.054089419543743134
0.06334752589464188,0.06035677716135979
0.06516405194997787,0.06231116130948067
0.06736387312412262,0.0639229491353035
0.07224898040294647,0.0683441311120987
0.07181989401578903,0.06676758080720901
0.10846030712127686,0.09975142031908035
0.11549051105976105,0.10835179686546326
0.13928033411502838,0.13088366389274597
0.13617224991321564,0.12827317416667938
0.1202448233962059,0.11337757110595703
0.12322481721639633,0.11620542407035828
0.10686998069286346,0.10017950087785721
0.1020168662071228,0.09464917331933975
0.09337953478097916,0.08655203878879547
0.10607556998729706,0.10441045463085175
0.08976753056049347,0.08757171779870987
0.08507861942052841,0.07658331841230392
0.08150190114974976,0.07643959671258926
0.08385010808706284,0.08240336179733276
0.08748815208673477,0.08690610527992249
0.0763392448425293,0.07369357347488403
0.08342301845550537,0.07829280942678452
0.07897796481847763,0.0757235735654831
0.0719386488199234,0.07089435309171677
0.06723349541425705,0.0643329918384552
0.07614871859550476,0.07366496324539185
0.06956638395786285,0.065129853785038
0.06421305239200592,0.06254691630601883
0.06392581015825272,0.06136057898402214
0.05768271163105965,0.053401462733745575
0.06337585300207138,0.059812430292367935
0.05271349847316742,0.04895451292395592
0.05137701705098152,0.049851007759571075
0.04665413126349449,0.04550718516111374
0.053046923130750656,0.05234476923942566
0.05996860936284065,0.05745846778154373
0.10197913646697998,0.10299510508775711
0.05762923136353493,0.05756482109427452
0.10882837325334549,0.10492861270904541
0.12901175022125244,0.1185302734375
0.14152881503105164,0.13264621794223785
0.11033791303634644,0.10356951504945755
0.14620058238506317,0.13635608553886414
0.12573733925819397,0.12056659162044525
0.12555041909217834,0.12060538679361343
0.13175100088119507,0.12496863305568695
0.126357302069664,0.11850524693727493
0.1222519502043724,0.11583329737186432
0.1190619245171547,0.1150859147310257
0.10998940467834473,0.10609597712755203
0.11528707295656204,0.10803689807653427
0.11818204820156097,0.1101248562335968
0.11520141363143921,0.10764161497354507
0.11318817734718323,0.10655493289232254
0.10607976466417313,0.1003083810210228
0.10728190839290619,0.10278518497943878
0.10783244669437408,0.10353739559650421
0.10586689412593842,0.10024362057447433
0.10638007521629333,0.10126311331987381
0.09879184514284134,0.09445875138044357
0.10375787317752838,0.09973982721567154
0.0973130613565445,0.09304499626159668
0.09901998937129974,0.09348941594362259
0.09345902502536774,0.08911487460136414
0.09686050564050674,0.09407638013362885
0.09024686366319656,0.0870601236820221
0.0923229306936264,0.0883922204375267
0.08813893049955368,0.08471710234880447
0.08978254348039627,0.08611772209405899
0.08619680255651474,0.0828562080860138
0.08687043190002441,0.08381056785583496
0.08272387087345123,0.07934778183698654
0.08424783498048782,0.08085548132658005
0.0839243233203888,0.08173823356628418
0.07835058122873306,0.07498469948768616
0.07881171256303787,0.07605614513158798
0.08037791401147842,0.07750706374645233
0.07323072105646133,0.0707973763346672
0.07209212332963943,0.06937865912914276
0.07473894208669662,0.07228881865739822
0.0898706242442131,0.08493287116289139
0.07783493399620056,0.07524566352367401
0.10833360254764557,0.10094291716814041
0.09389783442020416,0.08625330030918121
0.10875552147626877,0.10246675461530685
0.08509749174118042,0.08161613345146179
0.06985127925872803,0.068898044526577
0.11513400822877884,0.10853152722120285
0.07953573018312454,0.07350357621908188
0.08753138035535812,0.08387766033411026
0.10188663005828857,0.10160167515277863
0.07559755444526672,0.07671429216861725
0.08612190186977386,0.08565936982631683
0.07952426373958588,0.07736124843358994
0.06700729578733444,0.0635247677564621
0.07154662907123566,0.07051203399896622
0.06473243981599808,0.06321816146373749
0.07188141345977783,0.07141250371932983
0.05702494829893112,0.05485304817557335
0.06948872655630112,0.06599686294794083
0.05340250954031944,0.05051710084080696
0.0678003579378128,0.06761376559734344
0.048713114112615585,0.04758197069168091
0.06802202761173248,0.06365784257650375
0.0715104267001152,0.06839971989393234
0.07797738164663315,0.07527940720319748
0.04275984689593315,0.041225142776966095
0.06388437747955322,0.059923846274614334
0.05344381183385849,0.05212186649441719
0.08447525650262833,0.07652919739484787
0.04832645133137703,0.045934781432151794
0.05640820413827896,0.05196210369467735
0.043122339993715286,0.042026545852422714
0.04788831248879433,0.046248454600572586
0.04874681308865547,0.044347960501909256
0.039098918437957764,0.03739431872963905
0.06286799907684326,0.05782274529337883
0.039929185062646866,0.03800763562321663
0.06089617684483528,0.05786113440990448
0.08788018673658371,0.08307092636823654
0.10619280487298965,0.10177697986364365
0.10003772377967834,0.0948035717010498
0.10586657375097275,0.10132941603660583
0.09846018254756927,0.09431281685829163
0.09870884567499161,0.09434196352958679
0.09314954280853271,0.08867514133453369
0.09448884427547455,0.08941616117954254
0.08965883404016495,0.08716949075460434
0.0873199924826622,0.08608485758304596
0.08290237188339233,0.08073889464139938
0.0773305743932724,0.07500028610229492
0.07573298364877701,0.07304226607084274
0.07133977860212326,0.06861848384141922
0.07396477460861206,0.07199757546186447
0.07272888720035553,0.06996890157461166
0.06887981295585632,0.06654195487499237
0.065584696829319,0.0625031441450119
0.06133723631501198,0.05935349315404892
0.05926293134689331,0.05701389163732529
0.05474760755896568,0.052615053951740265
0.0519513338804245,0.049507107585668564
0.05359617620706558,0.05185746029019356
0.04619244858622551,0.04428621008992195
0.04570837318897247,0.044282086193561554
0.0384768471121788,0.037075284868478775
0.03993378207087517,0.038302768021821976
0.04084313288331032,0.040257375687360764
0.041270509362220764,0.038428183645009995
0.04740447923541069,0.042361825704574585
0.08833007514476776,0.08186054229736328
0.0970522090792656,0.09162784367799759
0.08596105128526688,0.08255553990602493
0.05610232055187225,0.05571919307112694
0.15091295540332794,0.13773883879184723
0.07533067464828491,0.06993795186281204
0.07524295151233673,0.0724632665514946
0.07828626781702042,0.07580918818712234
0.054570648819208145,0.05428383871912956
0.07324335724115372,0.06722889095544815
0.0523664653301239,0.04969478398561478
0.07173261791467667,0.0675688236951828
0.049819305539131165,0.04855134338140488
0.05747288092970848,0.05456853657960892
0.055078454315662384,0.05025210604071617
0.050665054470300674,0.05097533017396927
0.051877912133932114,0.05033218860626221
0.046922195702791214,0.04630543664097786
0.05640079081058502,0.05309225991368294
0.04106661304831505,0.03934837505221367
0.04794987663626671,0.046629734337329865
0.04020309820771217,0.038512520492076874
0.045716799795627594,0.04483482614159584
0.036355167627334595,0.03436069190502167
0.05190801993012428,0.051197394728660583
0.04131399467587471,0.039991941303014755
0.0495930053293705,0.04462793096899986
0.04046335443854332,0.03998156636953354
0.040582895278930664,0.040554679930210114
0.04072709381580353,0.03723243996500969
0.04121005907654762,0.037144675850868225
0.05854896456003189,0.05583570897579193
0.05601992830634117,0.05305177718400955
0.035576432943344116,0.03288456052541733
0.04815180227160454,0.04441225901246071
0.04107886552810669,0.03687608242034912
0.043936919420957565,0.04205453768372536
0.039808958768844604,0.04049904644489288
0.039789605885744095,0.037377145141363144
0.03687014803290367,0.03554873540997505
0.034458763897418976,0.03411747142672539
0.038155071437358856,0.03720797598361969
0.03952966257929802,0.037957947701215744
0.05438093841075897,0.05149407312273979
0.034868355840444565,0.03313571587204933
0.06286370009183884,0.05938870459794998
0.03956414759159088,0.03732436150312424
0.0317344069480896,0.030554093420505524
0.0373346321284771,0.03540005534887314
0.0450204461812973,0.04242467135190964
0.04827629029750824,0.04672098904848099
0.029407095164060593,0.027468470856547356
0.06467725336551666,0.05957319214940071
0.04595271870493889,0.04373568296432495
0.0663270354270935,0.05949406325817108
0.044397734105587006,0.04418938606977463
0.05641486123204231,0.05106033757328987
0.036462441086769104,0.03441689908504486
0.056634604930877686,0.05113845318555832
0.04674419388175011,0.04419655352830887
0.052259042859077454,0.05015815794467926
0.04526045545935631,0.042774830013513565
0.05868348851799965,0.05908019095659256
0.04005737602710724,0.03801969066262245
0.06843966990709305,0.06729263812303543
0.057843729853630066,0.05601845681667328
0.052319128066301346,0.05116584524512291
0.06030815839767456,0.0574818029999733
0.03712155669927597,0.03653320297598839
0.06304706633090973,0.05757846683263779
0.054747045040130615,0.05153034254908562
0.05520855635404587,0.05039334297180176
0.04467623308300972,0.04104987159371376
0.0478784441947937,0.04502338171005249
0.04255681112408638,0.03974669426679611
0.04026910290122032,0.037749093025922775
0.05084652826189995,0.049060821533203125
0.05201677978038788,0.05012693256139755
0.04009344056248665,0.037150345742702484
0.04002896323800087,0.038465820252895355
0.04105818644165993,0.03934966027736664
0.04840971902012825,0.048358380794525146
0.034464236348867416,0.03338773176074028
0.06130152568221092,0.05962637811899185
0.04601370543241501,0.04638350009918213
0.062170565128326416,0.05613437667489052
0.054658737033605576,0.05410865694284439
0.04963294044137001,0.04585912451148033
0.04352552443742752,0.04130354896187782
0.036975450813770294,0.034005310386419296
0.05917389690876007,0.05648693069815636
0.060528334230184555,0.05751073732972145
0.0423053577542305,0.0390588715672493
0.06323821097612381,0.05853017792105675
0.04524694383144379,0.040714941918849945
0.04673173651099205,0.044281575828790665
0.050995320081710815,0.049742333590984344
0.03418899327516556,0.032798126339912415
0.052293822169303894,0.048955176025629044
0.04414884001016617,0.04290928691625595
0.05146600678563118,0.046488188207149506
0.03957200050354004,0.03734222799539566
0.047148168087005615,0.04386972635984421
0.049092940986156464,0.045598115772008896
0.03525963053107262,0.03291025757789612
0.04586616903543472,0.043223559856414795
0.044575631618499756,0.042280979454517365
0.04222199693322182,0.03737229108810425
0.03339577466249466,0.030526580289006233
0.03504220023751259,0.0327756293118
0.037131357938051224,0.03526531159877777
0.033273179084062576,0.03114384412765503
0.04509406164288521,0.041985154151916504
0.026133419945836067,0.02404029294848442
0.03853016346693039,0.03444176912307739
0.05101602524518967,0.04784732311964035
0.03677302598953247,0.034620121121406555
0.08039544522762299,0.07356195896863937
0.036481719464063644,0.03341800346970558
0.08890911191701889,0.0826360285282135
0.11080178618431091,0.10243325680494308
0.09663572162389755,0.09012765437364578
0.07955355942249298,0.07606636732816696
0.07889615744352341,0.07436495274305344
0.06275063008069992,0.05826796218752861
0.05494656413793564,0.05145122483372688
0.06596483290195465,0.058626458048820496
0.05787299945950508,0.05277053639292717
0.055348023772239685,0.05477091670036316
0.059036560356616974,0.056690022349357605
0.04731948673725128,0.04437146708369255
0.04748162999749184,0.0460832454264164
0.05252690985798836,0.04966606944799423
0.04085073992609978,0.03748103231191635
0.046756353229284286,0.04399366304278374
0.04486217722296715,0.042618028819561005
0.03207901492714882,0.029479606077075005
0.044183872640132904,0.0416853241622448
0.0358513668179512,0.03344705328345299
0.03761163726449013,0.035091791301965714
0.0375555194914341,0.03525465354323387
0.032533399760723114,0.02913416549563408
0.03464622050523758,0.03404371812939644
0.029249820858240128,0.02878066711127758
0.030165186151862144,0.02811635285615921
0.03725814074277878,0.03586191684007645
0.029839610680937767,0.0280682984739542
0.041717518121004105,0.040556762367486954
0.028331631794571877,0.028796030208468437
0.06842862814664841,0.06371250748634338
0.04184389114379883,0.03987381234765053
0.0356883630156517,0.034836698323488235
0.04408629238605499,0.040139272809028625
0.035658642649650574,0.034756943583488464
0.024922285228967667,0.022928807884454727
0.03438970074057579,0.03326175734400749
0.022716009989380836,0.02148408815264702
0.04277845472097397,0.040145143866539
0.03300907090306282,0.0323215126991272
0.04348573461174965,0.039817098528146744
0.03380262851715088,0.03209143131971359
0.04258275404572487,0.03894113749265671
0.04276005178689957,0.038776010274887085
0.032981760799884796,0.033526819199323654
0.03564615547657013,0.033088263124227524
0.031856976449489594,0.031221618875861168
0.03175032511353493,0.028504399582743645
0.029660940170288086,0.029497329145669937
0.028062481433153152,0.026776723563671112
0.029474038630723953,0.02927439659833908
0.020598793402314186,0.01988774724304676
0.037445127964019775,0.03565705567598343
0.027351373806595802,0.026116903871297836
0.03537159040570259,0.03436674177646637
0.01946065202355385,0.019177300855517387
0.03585801273584366,0.03400995582342148
0.02489810436964035,0.024172691628336906
0.03892188146710396,0.03742742910981178
0.031736258417367935,0.031831055879592896
0.027291536331176758,0.025648314505815506
0.04114614427089691,0.038105934858322144
0.044480402022600174,0.041136112064123154
0.02201811783015728,0.021096762269735336
0.06926345080137253,0.0639243796467781
0.02067555859684944,0.01940261758863926
0.07849665731191635,0.07287697494029999
0.08173678815364838,0.07588748633861542
0.033634986728429794,0.03258892521262169
0.08964511007070541,0.08226320147514343
0.07487128674983978,0.06882353127002716
0.047080736607313156,0.04430701956152916
0.06757034361362457,0.06204850226640701
0.047534894198179245,0.04493526369333267
0.04770522937178612,0.04442722722887993
0.05335282161831856,0.04926386848092079
0.037723686546087265,0.035453904420137405
0.04681037366390228,0.04251188784837723
0.03641268610954285,0.03501216322183609
0.04135973006486893,0.03807252645492554
0.03758523240685463,0.03579074889421463
0.035595450550317764,0.0328158400952816
0.03592750057578087,0.033719439059495926
0.030499011278152466,0.027989288792014122
0.0321330651640892,0.030286025255918503
0.026457415893673897,0.024866707623004913
0.031186776235699654,0.029295993968844414
0.02619325742125511,0.025331294164061546
0.018203869462013245,0.016957031562924385
0.028852319344878197,0.02779996767640114
0.027267929166555405,0.026449240744113922
0.034261345863342285,0.031067421659827232
0.02701718732714653,0.026369154453277588
0.021241499111056328,0.020158566534519196
0.02739916741847992,0.025807175785303116
0.019630808383226395,0.018821127712726593
0.0452168844640255,0.04267564043402672
0.01709330826997757,0.017475469037890434
0.053630530834198,0.05105496197938919
0.03632460534572601,0.03533215448260307
0.025319671258330345,0.023767966777086258
0.06940604746341705,0.06425566226243973
0.025419006124138832,0.024981055408716202
0.07454212754964828,0.06949552148580551
0.07945764064788818,0.07423490285873413
0.07169211655855179,0.06774973124265671
0.07012103497982025,0.06801332533359528
0.04397796839475632,0.0442146472632885
0.05078959837555885,0.04645748808979988
0.05846952274441719,0.05536005273461342
0.04043909162282944,0.040739886462688446
0.051559094339609146,0.04999568685889244
0.043892502784729004,0.04144944250583649
0.03961272910237312,0.038834359496831894
0.04405665770173073,0.04287749528884888
0.041459184139966965,0.03922820836305618
0.03375739976763725,0.03293164074420929
0.038462553173303604,0.03737768903374672
0.036431845277547836,0.0350743904709816
0.033340055495500565,0.03047858737409115
0.030018091201782227,0.028470462188124657
0.03278621658682823,0.03096855618059635
0.029420917853713036,0.028137097135186195
0.027787722647190094,0.02697252295911312
0.028145479038357735,0.027058500796556473
0.025388112291693687,0.024746838957071304
0.02371167577803135,0.023367125540971756
0.02596324309706688,0.024629702791571617
0.026633432134985924,0.025948265567421913
0.02368113398551941,0.023007377982139587
0.02103211171925068,0.02054695598781109
0.01822882704436779,0.01770954392850399
0.02639976516366005,0.025686005130410194
0.01973525993525982,0.019591577351093292
0.029134303331375122,0.028414063155651093
0.04197518154978752,0.03787802904844284
0.02756986953318119,0.026353992521762848
0.02648577094078064,0.024547776207327843
0.03330788388848305,0.03157796338200569
0.043333496898412704,0.041075266897678375
0.03767197206616402,0.036142151802778244
0.0442306213080883,0.04036343842744827
0.020272130146622658,0.01881248690187931
0.04009408876299858,0.03741869702935219
0.03112233616411686,0.02948937378823757
0.049736250191926956,0.046313781291246414
0.03250928968191147,0.028666725382208824
0.040056731551885605,0.038189925253391266
0.04838765040040016,0.04577738791704178
0.02901933528482914,0.026531318202614784
0.04464897885918617,0.03868070989847183
0.04800909757614136,0.04105261713266373
0.026571962982416153,0.0258149616420269
0.04153120517730713,0.03746027499437332
0.0390726774930954,0.03730730339884758
0.03090544603765011,0.028861800208687782
0.03718496114015579,0.03407210484147072
0.02811030112206936,0.027524041011929512
0.032402198761701584,0.030257271602749825
0.03015364520251751,0.029785756021738052
0.02777944691479206,0.02647669054567814
0.02946733869612217,0.028478188440203667
0.02978590689599514,0.02817375771701336
0.023028913885354996,0.022201668471097946
0.03470947965979576,0.03337369114160538
0.020543023943901062,0.01943429931998253
0.03623337298631668,0.03462882339954376
0.031043661758303642,0.029427051544189453
0.028449591249227524,0.028137175366282463
0.03342016413807869,0.03244394809007645
0.032497938722372055,0.032098084688186646
0.02587430737912655,0.025644203647971153
0.03686513379216194,0.03485896810889244
0.02281014434993267,0.022625770419836044
0.028696754947304726,0.028873881325125694
0.026387130841612816,0.025391792878508568
0.046004414558410645,0.04209711775183678
0.03194675222039223,0.030512051656842232
0.06000243499875069,0.055297572165727615
0.034727320075035095,0.031416893005371094
0.057083528488874435,0.053387660533189774
0.05961386486887932,0.05488806217908859
0.02713518589735031,0.0265931598842144
0.042901668697595596,0.039732422679662704
0.03599582239985466,0.034481242299079895
0.03982449322938919,0.03745484724640846
0.03086036443710327,0.030299238860607147
0.029807057231664658,0.02761545591056347
0.037899721413850784,0.03693695366382599
0.031194237992167473,0.029557518661022186
0.03398209437727928,0.032260749489068985
0.02216382510960102,0.021202174946665764
0.03325724974274635,0.031434785574674606
0.02794547937810421,0.02743091993033886
0.03130202740430832,0.02828129008412361
0.035322874784469604,0.03329451009631157
0.022605489939451218,0.021629786118865013
0.05027696490287781,0.047003619372844696
0.03453196957707405,0.03273918107151985
0.046170346438884735,0.04353764280676842
0.03829533979296684,0.035099852830171585
0.051872801035642624,0.04891785606741905
0.03587862849235535,0.03431648761034012
0.04997730627655983,0.04759407788515091
0.05942722037434578,0.057050663977861404
0.02996092662215233,0.02923039346933365
0.05985061079263687,0.05585029348731041
0.0458812415599823,0.0431479886174202
0.047993917018175125,0.045039642602205276
0.051499299705028534,0.048079099506139755
0.047294147312641144,0.04447562247514725
0.039519939571619034,0.03718184679746628
0.03332033008337021,0.03162345290184021
0.041052646934986115,0.037704408168792725
0.023399442434310913,0.02208554744720459
0.04733145609498024,0.044673092663288116
0.03830132633447647,0.03573068603873253
0.035944223403930664,0.03448137268424034
0.03670118376612663,0.034298885613679886
0.03363759070634842,0.030920138582587242
0.027032097801566124,0.025263933464884758
0.03561457246541977,0.033840712159872055
0.02637884020805359,0.02513030730187893
0.046420030295848846,0.04348435252904892
0.03112516738474369,0.02918579988181591
0.051359277218580246,0.04893090948462486
0.05751205235719681,0.05498095229268074
0.03586575761437416,0.03351198509335518
0.04661276564002037,0.04365963488817215
0.033273302018642426,0.031134165823459625
0.04705173894762993,0.04463513195514679
0.04076948016881943,0.03883396461606026
0.0381576344370842,0.03646589070558548
0.043859872967004776,0.04107169061899185
0.03049858659505844,0.028145428746938705
0.04003071039915085,0.038015369325876236
0.022638937458395958,0.020669983699917793
0.034465670585632324,0.03231881558895111
0.021043913438916206,0.019796103239059448
0.021147381514310837,0.020439952611923218
0.030995720997452736,0.029067501425743103
0.018729936331510544,0.017827210947871208
0.03072994202375412,0.029895177111029625
0.024239923804998398,0.022701270878314972
0.030551960691809654,0.03100770339369774
0.022780755534768105,0.022196684032678604
0.03864222764968872,0.03782201185822487
0.028274791315197945,0.028010627254843712
0.036334164440631866,0.03643845394253731
0.03740325942635536,0.03775876760482788
0.02578362450003624,0.02412223443388939
0.04382379353046417,0.04071556031703949
0.026490572839975357,0.024673456326127052
0.058926165103912354,0.05591200664639473
0.05222912132740021,0.04928958788514137
0.03599635511636734,0.03398227319121361
0.046480998396873474,0.04382879287004471
0.03928566724061966,0.03753025829792023
0.03400374948978424,0.03236522898077965
0.04121746867895126,0.03942921385169029
0.05073225870728493,0.047381844371557236
0.036319755017757416,0.03475417569279671
0.03694308549165726,0.034614041447639465
0.0333266444504261,0.03119494393467903
0.03804544359445572,0.036271777004003525
0.0370292142033577,0.035154491662979126
0.03216920047998428,0.03022431582212448
0.034355200827121735,0.03188415244221687
0.03430290147662163,0.032037895172834396
0.034983545541763306,0.033398766070604324
0.026542682200670242,0.023719405755400658
0.03028964437544346,0.028019428253173828
0.022988399490714073,0.0216623954474926
0.021085210144519806,0.019821014255285263
0.02532958984375,0.02344842441380024
0.024398058652877808,0.022758832201361656
0.020872602239251137,0.02012697607278824
0.038516562432050705,0.0353156141936779
0.015619934536516666,0.015226216055452824
0.0434572696685791,0.04153037071228027
0.035261765122413635,0.03451723977923393
0.03633131831884384,0.03377320617437363
0.022059202194213867,0.02139660343527794
0.04849006235599518,0.04583350941538811
0.03782471641898155,0.03586721792817116
0.04021153226494789,0.03835450857877731
0.03234592080116272,0.03123687207698822
0.04763565957546234,0.04454414173960686
0.050032589584589005,0.047474365681409836
0.02285720594227314,0.021980825811624527
0.03246133401989937,0.03189754858613014
0.030980480834841728,0.029740115627646446
0.029153868556022644,0.02819504588842392
0.036358289420604706,0.03448214381933212
0.025314845144748688,0.024836838245391846
0.038434337824583054,0.03666679933667183
0.035740647464990616,0.03467991203069687
0.030995501205325127,0.029344648122787476
0.0252403374761343,0.024399274960160255
0.03873392567038536,0.03641669079661369
0.029775284230709076,0.029230913147330284
0.03779716417193413,0.03434831276535988
0.032321806997060776,0.030497673898935318
0.035959284752607346,0.03417925164103508
0.03190786391496658,0.030248621478676796
0.03887506574392319,0.036996789276599884
0.02934054285287857,0.028040869161486626
0.0413404256105423,0.03931952640414238
0.04493998363614082,0.04302602633833885
0.022151540964841843,0.020857835188508034
0.03981621190905571,0.03773105889558792
0.02685869112610817,0.02593202143907547
0.034863922744989395,0.032932594418525696
0.02780591882765293,0.026816386729478836
0.03403429314494133,0.03201103210449219
0.018623994663357735,0.017884569242596626
0.03176715597510338,0.030844049528241158
0.020426634699106216,0.0197268296033144
0.032520078122615814,0.031478796154260635
0.02571047656238079,0.025118840858340263
0.02441665343940258,0.023823704570531845
0.030083471909165382,0.028605762869119644
0.01969076320528984,0.019495215266942978
0.034141622483730316,0.033127740025520325
0.02427879348397255,0.024284549057483673
0.03209296986460686,0.03157363459467888
0.028294164687395096,0.028570255264639854
0.025469858199357986,0.024976655840873718
0.03712978586554527,0.03423282131552696
0.018195362761616707,0.018303407356142998
0.039502501487731934,0.03767413645982742
0.03486606106162071,0.03584646061062813
0.030058396980166435,0.02950712852180004
0.02744343690574169,0.027825867757201195
0.03420613706111908,0.03374546766281128
0.021931761875748634,0.021191729232668877
0.0309145487844944,0.030526630580425262
0.02728409320116043,0.026177342981100082
0.022488649934530258,0.021237127482891083
0.035770513117313385,0.03329036757349968
0.02022646926343441,0.019338777288794518
0.04142628237605095,0.037882912904024124
0.04156729206442833,0.038767360150814056
0.025478433817625046,0.02495109662413597
0.029078878462314606,0.027733761817216873
0.033066507428884506,0.032956648617982864
0.024890732020139694,0.024301601573824883
0.031512897461652756,0.029931893572211266
0.02727675437927246,0.027617421001195908
0.030454665422439575,0.0289689302444458
0.02185012772679329,0.021073827520012856
0.027910027652978897,0.026079053059220314
0.024651378393173218,0.023401251062750816
0.021663563326001167,0.021435804665088654
0.025986922904849052,0.0239481870085001
0.024455560371279716,0.02357800491154194
0.016456156969070435,0.01623116247355938
0.03701583296060562,0.03487950935959816
0.022965731099247932,0.022267770022153854
0.032149069011211395,0.030827686190605164
0.026720114052295685,0.026378702372312546
0.02856210246682167,0.026641730219125748
0.025782713666558266,0.025559524074196815
0.024677449837327003,0.025320662185549736
0.022400550544261932,0.02108507603406906
0.027345940470695496,0.027355263009667397
0.021909818053245544,0.02202329970896244
0.028302831575274467,0.026606712490320206
0.024760060012340546,0.02487284131348133
0.02079913578927517,0.020215224474668503
0.03771248087286949,0.034928567707538605
0.022576769813895226,0.02227468229830265
0.04050803184509277,0.0381031297147274
0.03162027895450592,0.030874256044626236
0.04209795966744423,0.04082773998379707
0.025802841410040855,0.02435958757996559
0.05190292373299599,0.048984307795763016
0.05880046635866165,0.055531784892082214
0.026817046105861664,0.026767287403345108
0.05249587446451187,0.0492342934012413
0.044547200202941895,0.043012820184230804
0.038278933614492416,0.036625102162361145
0.04711461812257767,0.04435782507061958
0.023671749979257584,0.022448910400271416
0.04846171662211418,0.044968098402023315
0.04036473110318184,0.03740992769598961
0.032985322177410126,0.031201237812638283
0.039242055267095566,0.03677958995103836
0.027347831055521965,0.026128044351935387
0.035022955387830734,0.03204470872879028
0.024481939151883125,0.02307097055017948
0.035155244171619415,0.03380296006798744
0.027165310457348824,0.026119064539670944
0.03178119659423828,0.029864486306905746
0.026796409860253334,0.024989956989884377
0.03439567610621452,0.03268798813223839
0.029815787449479103,0.028810827061533928
0.032376423478126526,0.029452843591570854
0.028850259259343147,0.026748590171337128
0.030976228415966034,0.02945130132138729
0.027664998546242714,0.026415446773171425
0.03675020486116409,0.03415539860725403
0.02498807944357395,0.023005161434412003
0.04275535047054291,0.04063791781663895
0.04616270959377289,0.04394051432609558
0.017996670678257942,0.017834963276982307
0.05200575664639473,0.0478852279484272
0.036667801439762115,0.03506253659725189
0.03889506682753563,0.03716716170310974
0.04573558270931244,0.04396207630634308
0.03756442666053772,0.0355570912361145
0.02962675504386425,0.0277026928961277
0.03590406849980354,0.03321626037359238
0.03412093594670296,0.031246237456798553
0.023370452225208282,0.022652145475149155
0.032382454723119736,0.029607605189085007
0.021775484085083008,0.020594285801053047
0.03666425868868828,0.03366288170218468
0.033190708607435226,0.03083251416683197
0.02419377490878105,0.022111492231488228
0.027260784059762955,0.025214966386556625
0.02089536562561989,0.020452197641134262
0.023654673248529434,0.02240094169974327
0.01753123290836811,0.016977963969111443
0.025034639984369278,0.023543981835246086
0.01654655858874321,0.016420554369688034
0.03431228548288345,0.0324820950627327
0.019707513973116875,0.019719300791621208
0.03379569947719574,0.03327310085296631
0.031695328652858734,0.03160707280039787
0.022642945870757103,0.02166949212551117
0.02500823512673378,0.023690665140748024
0.02028748393058777,0.020578350871801376
0.02057773992419243,0.019307512789964676
0.02377706952393055,0.022458137944340706
0.01764051243662834,0.017057614400982857
0.024923361837863922,0.02377581037580967
0.015332579612731934,0.014728185720741749
0.03757087513804436,0.03497464209794998
0.027801943942904472,0.02588140405714512
0.030809635296463966,0.0290965735912323
0.03479061648249626,0.03247566148638725
0.016732769086956978,0.016098694875836372
0.0346173532307148,0.031636059284210205
0.020228471606969833,0.01980239525437355
0.039753735065460205,0.03620779886841774
0.03997833654284477,0.03716070204973221
0.02488218992948532,0.024339135736227036
0.031003674492239952,0.02847677655518055
0.02807188406586647,0.026740210130810738
0.02639389969408512,0.024830931797623634
0.028518501669168472,0.026503102853894234
0.021164927631616592,0.021262280642986298
0.022645466029644012,0.021351784467697144
0.021387629210948944,0.021259181201457977
0.021545039489865303,0.01971135474741459
0.018577562645077705,0.018671434372663498
0.022505084052681923,0.021045083180069923
0.021310459822416306,0.021283358335494995
0.018060768023133278,0.017500335350632668
0.017405806109309196,0.017875296995043755
0.01359433401376009,0.01342424564063549
0.024118933826684952,0.023806806653738022
0.016973819583654404,0.017792467027902603
0.027696307748556137,0.027606463059782982
0.022544721141457558,0.023291459307074547
0.022884773090481758,0.021483968943357468
0.02295607328414917,0.023207545280456543
0.02919444814324379,0.02564871311187744
0.018759464845061302,0.01880110427737236
0.031228290870785713,0.028014464303851128
0.026474453508853912,0.025162486359477043
0.025837251916527748,0.022851085290312767
0.029232392087578773,0.027099374681711197
0.020671915262937546,0.019936200231313705
0.02172551117837429,0.020340776070952415
0.0228249691426754,0.021459702402353287
0.019771721214056015,0.01846451126039028
0.020597543567419052,0.018777605146169662
0.016164440661668777,0.01534611452370882
0.0236152745783329,0.02149137668311596
0.01767130382359028,0.01645093597471714
0.02498883195221424,0.022706754505634308
0.024278149008750916,0.022273898124694824
0.01657732203602791,0.015472780913114548
0.022093717008829117,0.02134208008646965
0.016462931409478188,0.015478715300559998
0.019981665536761284,0.018970787525177002
0.021617872640490532,0.02085964009165764
0.0210073534399271,0.02072208561003208
0.015413529239594936,0.014872514642775059
0.016773121431469917,0.01642259582877159
0.018527943640947342,0.018304675817489624
0.024084189906716347,0.023421967402100563
0.015050370246171951,0.01474785152822733
0.01881944201886654,0.018598096445202827
0.011933896690607071,0.011855142191052437
0.018122747540473938,0.017221946269273758
0.029715435579419136,0.028392260894179344
0.011913050897419453,0.012184198014438152
0.04444008693099022,0.041317615658044815
0.01826019212603569,0.018554171547293663
0.043789032846689224,0.04155227914452553
0.044256541877985,0.04321317747235298
0.03672513738274574,0.035769179463386536
0.03221367299556732,0.030712096020579338
0.030173959210515022,0.027042673900723457
0.030330011621117592,0.030767036601901054
0.03527674078941345,0.033321280032396317
0.02900117076933384,0.02562652714550495
0.025949915871024132,0.02536889538168907
0.025379875674843788,0.02309606410562992
0.02350270189344883,0.022534668445587158
0.02419685572385788,0.0229145847260952
0.018323399126529694,0.017657723277807236
0.026347367092967033,0.025721678510308266
0.012841179035604,0.0122064845636487
0.022999277338385582,0.022435946390032768
0.016312742605805397,0.015448076650500298
0.019537711516022682,0.019051047042012215
0.014925817027688026,0.014279123395681381
0.01997378095984459,0.020015334710478783
0.01407981850206852,0.0142745990306139
0.021590333431959152,0.02139873057603836
0.021106697618961334,0.021336769685149193
0.013485862873494625,0.013626310974359512
0.024890989065170288,0.02387995459139347
0.016797976568341255,0.016397852450609207
0.03084740601480007,0.028475217521190643
0.016996847465634346,0.015795022249221802
0.031465835869312286,0.027843980118632317
0.02805655635893345,0.0258402731269598
0.024341732263565063,0.02345404028892517
0.02529420703649521,0.023319095373153687
0.021328618749976158,0.020158391445875168
0.022161735221743584,0.02086135558784008
0.020099878311157227,0.019036415964365005
0.021529709920287132,0.02094479463994503
0.020065417513251305,0.019753284752368927
0.017316844314336777,0.01693047024309635
0.02845204807817936,0.02731143869459629
0.017827849835157394,0.016519863158464432
0.04146687313914299,0.0392838791012764
0.03196728229522705,0.030340492725372314
0.03319843113422394,0.032245516777038574
0.03512931615114212,0.03319636359810829
0.03476843237876892,0.032597996294498444
0.019274236634373665,0.01908699981868267
0.040963053703308105,0.038720350712537766
0.03054889291524887,0.030336087569594383
0.03790128231048584,0.0349460206925869
0.03518334776163101,0.03359062224626541
0.030082151293754578,0.02830766700208187
0.0342155396938324,0.03236611932516098
0.025534383952617645,0.023839859291911125
0.025255903601646423,0.023792166262865067
0.029398160055279732,0.02752852626144886
0.031210431829094887,0.02996375784277916
0.01852250285446644,0.01784493215382099
0.019450761377811432,0.018707212060689926
0.02418314479291439,0.024045467376708984
0.019366538152098656,0.018554886803030968
0.026129506528377533,0.0243128202855587
0.022655317559838295,0.02092096023261547
0.017429780215024948,0.017514381557703018
0.03405095264315605,0.030475161969661713
0.02067459747195244,0.01899174228310585
0.03516366705298424,0.0323638878762722
0.028126567602157593,0.02423906698822975
0.028973668813705444,0.027520250529050827
0.026405062526464462,0.0243049468845129
0.0218278206884861,0.020743831992149353
0.02769053727388382,0.02614509128034115
0.017248673364520073,0.016256917268037796
0.03514905273914337,0.032898809760808945
0.0373636931180954,0.03511664271354675
0.0167402271181345,0.016384581103920937
0.03529350087046623,0.03296554833650589
0.029976358637213707,0.02742145210504532
0.02203427255153656,0.0210984256118536
0.027354862540960312,0.024935057386755943
0.02433731220662594,0.02224128134548664
0.02820969931781292,0.025865009054541588
0.023924104869365692,0.022262651473283768
0.025188257917761803,0.023073939606547356
0.02601180411875248,0.024094171822071075
0.019991733133792877,0.01955472119152546
0.02728995308279991,0.02609895169734955
0.019003478810191154,0.018325354903936386
0.02938739024102688,0.028019174933433533
0.02522476203739643,0.0236006248742342
0.02970300056040287,0.027980271726846695
0.0232038926333189,0.02129014953970909
0.028383664786815643,0.027795979753136635
0.025279182940721512,0.02409943751990795
0.02668706327676773,0.025435924530029297
0.025169773027300835,0.02452908456325531
0.024253498762845993,0.02361219748854637
0.019511209800839424,0.019216323271393776
0.012800231575965881,0.012811045162379742
0.011009188368916512,0.010359705425798893
0.015144321136176586,0.014213268645107746
0.01731865294277668,0.016465649008750916
0.016356075182557106,0.01570473425090313
0.013768738135695457,0.013417474925518036
0.011915338225662708,0.011829235590994358
0.012112538330256939,0.012180439196527004
0.012515529990196228,0.01250806450843811
0.012205973267555237,0.012159488163888454
0.012079792097210884,0.011961276642978191
0.012006381526589394,0.011513877660036087
0.010865484364330769,0.01020030677318573
0.009485174901783466,0.009185198694467545
0.010601366870105267,0.010506894439458847
0.011463177390396595,0.01143178716301918
0.010608444921672344,0.010713579133152962
0.008759325370192528,0.00891565065830946
0.009033486247062683,0.008897176012396812
0.010267257690429688,0.009940040297806263
0.009767516516149044,0.009509759023785591
0.008452193811535835,0.008415506221354008
0.008608421310782433,0.00870295986533165
0.009123163297772408,0.009198314510285854
0.00871732085943222,0.008777186274528503
0.00825220812112093,0.008181990124285221
0.008334534242749214,0.008092038333415985
0.008169995620846748,0.008024932816624641
0.008098793216049671,0.008104493841528893
0.008112967945635319,0.008212646469473839
0.007728898897767067,0.007819502614438534
0.007658675778657198,0.007599763572216034
0.007911285385489464,0.007740940898656845
0.0076150670647621155,0.007480976637452841
0.007293540518730879,0.007353461813181639
0.007592060603201389,0.0077333515509963036
0.007456777151674032,0.00758116040378809
0.007133194711059332,0.007135386113077402
0.007298889569938183,0.007183454930782318
0.007263211067765951,0.007209921255707741
0.007049812935292721,0.007136574946343899
0.007071890868246555,0.00721723260357976
0.0070370701141655445,0.007124863564968109
0.006961272098124027,0.006936273537576199
0.006933604832738638,0.006823005620390177
0.006834628526121378,0.006788625381886959
0.0068532442674040794,0.0069312104023993015
0.006808769423514605,0.006931080017238855
0.006688031367957592,0.006736403331160545
0.006732716225087643,0.006674844305962324
0.0066856262274086475,0.006609897594898939
0.006584739312529564,0.0065732840448617935
0.006616377737373114,0.006663672626018524
0.0065610879100859165,0.006607397459447384
0.006497228518128395,0.006488311104476452
0.0065085142850875854,0.00646090367808938
0.006453109439462423,0.006434228736907244
0.006417915225028992,0.0064401403069496155
0.006400951184332371,0.006416420917958021
0.006363607943058014,0.006338412407785654
0.006337470840662718,0.006295091472566128
0.006303132511675358,0.006292461417615414
0.006286396645009518,0.006313403602689505
0.006253292318433523,0.0062781390734016895
0.006219681352376938,0.006195605266839266
0.006211426109075546,0.006150989327579737
0.00617173919454217,0.006137894932180643
0.0061495439149439335,0.0061647784896194935
0.0061348513700068,0.00616177823394537
0.006097195204347372,0.006092481315135956
0.006084016524255276,0.00604320177808404
0.0060599083080887794,0.006028349045664072
0.006032492965459824,0.0060380022041499615
0.006016911938786507,0.006033642683178186
0.005991910118609667,0.0059851729311048985
0.005971536505967379,0.005940104369074106
0.005950580816715956,0.0059259673580527306
0.0059316339902579784,0.0059332833625376225
0.005910280626267195,0.0059194862842559814
0.0058897691778838634,0.005879231728613377
0.005873872898519039,0.005846800748258829
0.005850677378475666,0.00583358621224761
0.005834600888192654,0.005836728028953075
0.005816187709569931,0.005819697864353657
0.005795832257717848,0.005783896427601576
0.005780874285846949,0.005761465989053249
0.005761089269071817,0.005753690842539072
0.005744578782469034,0.005749209318310022
0.005727808456867933,0.005726325325667858
0.00571014266461134,0.005694640334695578
0.0056941090151667595,0.005678663030266762
0.0056775943376123905,0.005676482804119587
0.0056613897904753685,0.005668323952704668
0.005645249970257282,0.005643266253173351
0.005630037747323513,0.005616352427750826
0.00561375729739666,0.005602479446679354
0.005599099211394787,0.005598260089755058
0.005583624821156263,0.005585681181401014
0.005568533204495907,0.005564081482589245
0.005554282572120428,0.00554610462859273
0.00553899398073554,0.005535060074180365
0.00552518991753459,0.005524158477783203
0.005510629154741764,0.005505782086402178
0.00549659039825201,0.005488560069352388
0.00548280356451869,0.00547945499420166
0.0054689799435436726,0.00547171151265502
0.005455386359244585,0.0054556820541620255
0.005442007444798946,0.0054350052960217
0.005428694188594818,0.005421025212854147
0.005415533669292927,0.005415107123553753
0.005402678158134222,0.005406527779996395
0.005389663856476545,0.005389599595218897
0.005377158988267183,0.005372744053602219
0.005364424083381891,0.005362484138458967
0.005352120380848646,0.005354853346943855
0.005339786875993013,0.005342183168977499
0.005327596329152584,0.005326735321432352
0.00531561067327857,0.0053151631727814674
0.005303643178194761,0.005306672770529985
0.005291878245770931,0.005295566748827696
0.0052802059799432755,0.005281382706016302
0.0052686394192278385,0.00526941753923893
0.005257213022559881,0.005260848440229893
0.005245876032859087,0.005251159425824881
0.0052346414886415005,0.005238560494035482
0.005223574582487345,0.005226722918450832
0.005212519783526659,0.00521742133423686
0.005201673600822687,0.0052078175358474255
0.005190834868699312,0.005195997655391693
0.005180167034268379,0.0051849037408828735
0.005169554613530636,0.005176133941859007
0.005159048829227686,0.005166962742805481
0.005148645024746656,0.00515555078163743
0.005138338077813387,0.005144539289176464
0.005128110758960247,0.005135879851877689
0.005117994267493486,0.005127276293933392
0.00510793924331665,0.005116607062518597
0.0050979903899133205,0.005105957854539156
0.005088104400783777,0.005097328219562769
0.005078330636024475,0.005088994279503822
0.005068619269877672,0.005078834947198629
0.00505899777635932,0.005068458616733551
0.005049447994679213,0.005059906747192144
0.005039981100708246,0.005051898770034313
0.00503059895709157,0.005042501725256443
0.005021288059651852,0.005032683722674847
0.0050120484083890915,0.005023976322263479
0.005002877209335566,0.005015676375478506
0.004993786569684744,0.00500676641240716
0.004984769504517317,0.004997956566512585
0.004975813440978527,0.004989704582840204
0.004966915585100651,0.004981170408427715
0.004958110395818949,0.004972183145582676
0.004949355032294989,0.004963807761669159
0.0049406676553189754,0.004956157878041267
0.004932047799229622,0.004947940818965435
0.004923485219478607,0.004939135629683733
0.004914992023259401,0.004930894356220961
0.004906562156975269,0.004923315718770027
0.004898190498352051,0.00491533987224102
0.0048898677341639996,0.004906970541924238
0.004881624598056078,0.004899161867797375
0.0048734149895608425,0.004891679622232914
0.004865278955549002,0.004883755464106798
0.004857197403907776,0.004875660873949528
0.004849168471992016,0.004868131596595049
0.004841196816414595,0.004860810935497284
0.004833269864320755,0.004853074438869953
0.004825409036129713,0.004845365881919861
0.004817596636712551,0.00483804102987051
0.0048098331317305565,0.00483067287132144
0.0048021250404417515,0.00482315756380558
0.004794466309249401,0.004815882537513971
0.004786849953234196,0.004808803088963032
0.004779279697686434,0.004801471251994371
0.004771769512444735,0.004794078879058361
0.004764308221638203,0.004787107929587364
0.0047568827867507935,0.004780222196131945
0.004749517422169447,0.00477297930046916
0.004742185585200787,0.004765863995999098
0.004734906833618879,0.0047591314651072025
0.004727673716843128,0.004752287641167641
0.004720479715615511,0.00474522402510047
0.004713334143161774,0.004738406278192997
0.004706225357949734,0.004731801804155111
0.004699172917753458,0.00472500454634428
0.0046921465545892715,0.004718230105936527
0.0046851662918925285,0.00471167266368866
0.004678233526647091,0.004705043975263834
0.0046713394112885,0.004698385950177908
0.0046644811518490314,0.004691944923251867
0.004657663404941559,0.004685532301664352
0.004650887567549944,0.004678948782384396
0.0046441457234323025,0.004672469571232796
0.004637448117136955,0.004666210152208805
0.004630791023373604,0.0046598645858466625
0.004624167922884226,0.004653486423194408
0.00461758254095912,0.004647239111363888
0.004611026030033827,0.004641041159629822
0.004604516550898552,0.004634784534573555
0.004598035477101803,0.004628628026694059
0.004591597709804773,0.004622552543878555
0.004585194867104292,0.004616422113031149
0.0045788162387907505,0.0046102916821837425
0.004572479519993067,0.0046043419279158115
0.004566181916743517,0.0045983572490513325
0.004559911321848631,0.004592312499880791
0.004553673323243856,0.004586436785757542
0.00454747537150979,0.004580572247505188
0.004541299771517515,0.004574621561914682
0.004535160958766937,0.0045688035897910595
0.004529058467596769,0.004563066177070141
0.004522982519119978,0.004557237960398197
0.004516934510320425,0.004551467020064592
0.004510926548391581,0.004545791540294886
0.00450495071709156,0.0045401123352348804
0.004498995840549469,0.004534424282610416
0.0044930800795555115,0.004528819117695093
0.004487185273319483,0.004523232579231262
0.004481323063373566,0.00451762555167079
0.00447549344971776,0.004512111656367779
0.004469682462513447,0.004506599623709917
0.004463923629373312,0.004501091316342354
0.004458166193217039,0.004495631437748671
0.004452458117157221,0.0044902414083480835
0.004446757026016712,0.004484790842980146
0.004441104829311371,0.004479440860450268
0.0044354647397994995,0.004474100191146135
0.004429856315255165,0.004468729253858328
0.00442427909001708,0.004463466349989176
0.004418715834617615,0.004458193201571703
0.004413196351379156,0.004452903755009174
0.004407692700624466,0.004447701387107372
0.004402219783514738,0.004442529287189245
0.004396766424179077,0.004437302704900503
0.004391348455101252,0.004432195797562599
0.004385937005281448,0.004427087027579546
0.004380565602332354,0.0044219354167580605
0.004375213757157326,0.004416871350258589
0.004369888920336962,0.0044118426740169525
0.004364590160548687,0.004406780935823917
0.004359310958534479,0.004401787184178829
0.0043540531769394875,0.004396806471049786
0.004348833579570055,0.004391856025904417
0.004343620967119932,0.004386874381452799
0.004338439088314772,0.004381995182484388
0.004333274904638529,0.004377100616693497
0.004328134469687939,0.004372200462967157
0.004323027562350035,0.004367359913885593
0.004317927174270153,0.0043625314719974995
0.004312860779464245,0.004357693251222372
0.0043078092858195305,0.004352915100753307
0.004302787594497204,0.004348190501332283
0.004297775682061911,0.004343390930444002
0.004292799159884453,0.004338670987635851
0.004287830088287592,0.00433397525921464
0.004282896872609854,0.0043292781338095665
0.004277972038835287,0.00432463688775897
0.004273074679076672,0.004319998901337385
0.004268193617463112,0.0043152994476258755
0.004263340961188078,0.004310746677219868
0.004258499480783939,0.0043061827309429646
0.004253685474395752,0.004301572218537331
0.004248879849910736,0.004297039937227964
0.004244106821715832,0.004292522091418505
0.004239350091665983,0.004287960939109325
0.004234611988067627,0.004283538553863764
0.004229894373565912,0.004279016982764006
0.004225193057209253,0.004274536389857531
0.00422051502391696,0.004270150791853666
0.004215854220092297,0.0042657009325921535
0.0042112041264772415,0.004261280409991741
0.004206586163491011,0.004256937187165022
0.004201978445053101,0.004252526443451643
0.004197396337985992,0.004248196724802256
0.004192829132080078,0.004243876319378614
0.004188277292996645,0.004239529371261597
0.00418374128639698,0.004235260188579559
0.00417923042550683,0.0042310054413974285
0.004174730274826288,0.004226671531796455
0.004170259926468134,0.00422246940433979
0.004165788646787405,0.0042182342149317265
0.004161352291703224,0.004213995765894651
0.004156924784183502,0.0042098406702280045
0.004152518231421709,0.004205639474093914
0.004148127976804972,0.004201448988169432
0.004143747966736555,0.004197331611067057
0.004139394965022802,0.004193184897303581
0.004135046619921923,0.004189076833426952
0.0041307262144982815,0.004184963181614876
0.004126418847590685,0.004180849064141512
0.004122134763747454,0.004176829941570759
0.004117855802178383,0.004172774497419596
0.004113597795367241,0.0041687143966555595
0.004109347239136696,0.004164698533713818
0.004105132073163986,0.004160643555223942
0.004100922029465437,0.004156723618507385
0.004096730146557093,0.004152721259742975
0.004092543851584196,0.004148740787059069
0.0040883868932724,0.0041447896510362625
0.0040842387825250626,0.004140864126384258
0.004080112092196941,0.004136957693845034
0.004075996577739716,0.00413306150585413
0.004071890842169523,0.004129135049879551
0.00406781118363142,0.004125281237065792
0.004063739906996489,0.0041214218363165855
0.004059694707393646,0.00411754846572876
0.004055649973452091,0.004113766830414534
0.004051623400300741,0.004109879489988089
0.004047615919262171,0.004106127191334963
0.004043619614094496,0.00410229479894042
0.004039640538394451,0.0040985578671097755
0.004035681486129761,0.004094784613698721
0.004031728487461805,0.004090981557965279
0.004027791321277618,0.0040873256511986256
0.004023871384561062,0.004083510488271713
0.004019967280328274,0.004079913254827261
0.004016070161014795,0.004076140001416206
0.004012192599475384,0.004072474781423807
0.004008332267403603,0.004068848676979542
0.0040044826455414295,0.0040650879964232445
0.0040006497874855995,0.004061582963913679
0.003996827639639378,0.0040578693151474
0.003993019927293062,0.004054281394928694
0.003989222925156355,0.004050689283758402
0.003985447343438864,0.0040470510721206665
0.003981682937592268,0.004043544642627239
0.003977933898568153,0.004039933439344168
0.003974188584834337,0.004036394413560629
0.00397046934813261,0.004032833967357874
0.0039667547680437565,0.004029348026961088
0.003963059280067682,0.004025808535516262
0.003959369380027056,0.004022322595119476
0.003955702763050795,0.004018793813884258
0.003952050115913153,0.0040153805166482925
0.003948403522372246,0.004011878743767738
0.00394477229565382,0.004008444491773844
0.003941156901419163,0.004005004186183214
0.003937548492103815,0.00400156294927001
0.003933951258659363,0.003998172469437122
0.003930382430553436,0.0039947256445884705
0.0039268131367862225,0.003991408739238977
0.003923266194760799,0.003987941425293684
0.003919718787074089,0.003984665032476187
0.003916196059435606,0.003981226589530706
0.003912684042006731,0.003977976273745298
0.003909177612513304,0.003974566236138344
0.0039056926034390926,0.003971274942159653
0.0039022162090986967,0.003967998083680868
0.0038987540174275637,0.003964648582041264
0.0038953020703047514,0.003961439710110426
0.0038918654900044203,0.003958082292228937
0.003888435196131468,0.003954912535846233
0.0038850214332342148,0.0039515867829322815
0.0038816165179014206,0.003948397468775511
0.003878232091665268,0.0039451573975384235
0.0038748544175177813,0.003941959701478481
0.003871489781886339,0.003938738722354174
0.0038681377191096544,0.003935547545552254
0.0038647965993732214,0.003932404797524214
0.0038614682853221893,0.003929181955754757
0.0038581478875130415,0.003926042001694441
0.0038548472803086042,0.0039228880777955055
0.0038515569176524878,0.003919824957847595
0.0038482793606817722,0.003916583955287933
0.0038450073916465044,0.0039135972037911415
0.0038417503237724304,0.003910337574779987
0.003838507691398263,0.0039074658416211605
0.003835272742435336,0.003904119599610567
0.003832054091617465,0.003901391290128231
0.003828845452517271,0.0038979032542556524
0.003825646359473467,0.0038953947369009256
0.0038224603049457073,0.003891635686159134
0.0038192938081920147,0.0038896268233656883
0.00381613546051085,0.0038852335419505835
0.0038130031898617744,0.0038841692730784416
0.0038099002558737993,0.0038784455973654985
0.0038068555295467377,0.0038795338477939367
0.0038039248902350664,0.0038708862848579884
0.003801243146881461,0.003876825561746955
0.003799106925725937,0.003861806821078062
0.0037983031943440437,0.003880077274516225
0.0038003975059837103,0.003851834451779723
0.0038097547367215157,0.0039033275097608566
0.0038317495491355658,0.0038537755608558655
0.0038787764497101307,0.003986405208706856
0.003930914681404829,0.0039025123696774244
0.003966971766203642,0.004078666679561138
0.003933582920581102,0.0039019938558340073
0.0038868640549480915,0.003996390383690596
0.0038416539318859577,0.0038480625953525305
0.0038227897603064775,0.003924048505723476
0.003816957352682948,0.0038329355884343386
0.0038325015921145678,0.0039385720156133175
0.003861120203509927,0.003851854708045721
0.003910571802407503,0.0040204268880188465
0.003931526560336351,0.00389486993663013
0.003927937243133783,0.004040731582790613
0.0038835934828966856,0.0038611532654613256
0.0038544856943190098,0.003962881863117218
0.003832177957519889,0.003830840578302741
0.003835753072053194,0.003942117094993591
0.0038493447937071323,0.0038364462088793516
0.003886898048222065,0.003999149426817894
0.003908275160938501,0.0038720087613910437
0.003919640555977821,0.004030176904052496
0.003887525759637356,0.0038572412449866533
0.0038637614343315363,0.00397478835657239
0.003839396173134446,0.003823797218501568
0.003843327984213829,0.003950988408178091
0.003852528054267168,0.003830922534689307
0.0038828423712402582,0.003993615508079529
0.003894267836585641,0.003855087561532855
0.003903487930074334,0.004015440121293068
0.0038775396533310413,0.0038446872495114803
0.003862306708469987,0.0039728726260364056
0.003842514706775546,0.0038191659841686487
0.003850551787763834,0.0039613679982721806
0.0038584356661885977,0.003827508073300123
0.003884723177179694,0.003995478618890047
0.0038851003628224134,0.003844441380351782
0.0038863266818225384,0.003998300991952419
0.0038609292823821306,0.003826933680102229
0.003854612587019801,0.0039658271707594395
0.003844317514449358,0.0038141144905239344
0.003859579563140869,0.0039701336063444614
0.0038649241905659437,0.003825149964541197
0.0038833741564303637,0.003994946833699942
0.0038725165650248528,0.003830198897048831
0.003869592444971204,0.003980841021984816
0.0038475035689771175,0.0038121012039482594
0.003849381348118186,0.003960495349019766
0.0038461443036794662,0.003808714682236314
0.00386645901016891,0.003977447282522917
0.0038670802023261786,0.0038217680994421244
0.0038764351047575474,0.003987749572843313
0.003856913885101676,0.003814685856923461
0.003854295238852501,0.003966082818806171
0.003839705605059862,0.0038010936696082354
0.003851477988064289,0.0039622108452022076
0.0038515788037329912,0.003807076718658209
0.00386920478194952,0.003980392124503851
0.0038598026148974895,0.003812067909166217
0.003862223820760846,0.003973593469709158
0.0038422339130192995,0.003799709025770426
0.0038456444162875414,0.003956901840865612
0.0038384587969630957,0.0037945036310702562
0.0038560323882848024,0.00396691681817174
0.003853329224511981,0.0038034620229154825
0.0038640545681118965,0.003974891733378172
0.003846336156129837,0.003798704594373703
0.0038472586311399937,0.003958704881370068
0.0038326855283230543,0.0037877336144447327
0.0038450665306299925,0.003955913241952658
0.003842216683551669,0.0037922661285847425
0.00385837908834219,0.003968979697674513
0.003846757346764207,0.003794836113229394
0.003850797424092889,0.003961922600865364
0.0038322927430272102,0.003784599481150508
0.0038390904664993286,0.003950036596506834
0.003831423819065094,0.003781788283959031
0.003848340129479766,0.00395887391641736
0.0038420287892222404,0.003787858644500375
0.003852015594020486,0.003962635528296232
0.0038341148756444454,0.0037823698949068785
0.0038379980251193047,0.003948976285755634
0.003824459156021476,0.0037743221037089825
0.0038384241051971912,0.003949059639126062
0.0038332492113113403,0.0037785451859235764
0.003848040010780096,0.003958309069275856
0.0038339917082339525,0.003778731683269143
0.0038391442503780127,0.003949902486056089
0.0038219259586185217,0.003769790753722191
0.00383188109844923,0.003942533861845732
0.0038240228313952684,0.003769413335248828
0.0038404869846999645,0.003950660582631826
0.0038304654881358147,0.0037728643510490656
0.003839357988908887,0.0039497120305895805
0.0038214544765651226,0.0037664175033569336
0.003828746033832431,0.003939283546060324
0.0038167412858456373,0.0037618239875882864
0.0038319858722388744,0.003942164126783609
0.003823890583589673,0.003765262197703123
0.0038368378300219774,0.003946848213672638
0.003820823971182108,0.0037628381978720427
0.003827783279120922,0.003938102629035711
0.0038121992256492376,0.0037560814525932074
0.0038249113131314516,0.003935098648071289
0.00381609913893044,0.003757220460101962
0.0038314966950565577,0.003941332455724478
0.003818303346633911,0.003758049802854657
0.0038270920049399137,0.003937133122235537
0.003809914458543062,0.003751771990209818
0.0038204113952815533,0.003930520266294479
0.0038090948946774006,0.0037499158643186092
0.00382470665499568,0.003934462554752827
0.003813425311818719,0.003751815529540181
0.0038249455392360687,0.003934711683541536
0.003808025736361742,0.0037476830184459686
0.0038175450172275305,0.00392746040597558
0.0038037037011235952,0.0037437626160681248
0.003818411845713854,0.003928116988390684
0.003807587781921029,0.0037451889365911484
0.0038213608786463737,0.003930909093469381
0.003805680898949504,0.003743331413716078
0.003815477015450597,0.003925181459635496
0.003799625439569354,0.0037384640891104937
0.0038128753658384085,0.003922508098185062
0.003801196813583374,0.0037383674643933773
0.003816245822235942,0.00392563734203577
0.0038021185901015997,0.0037382410373538733
0.0038133859634399414,0.003922838252037764
0.003796695964410901,0.0037339439149945974
0.0038088082801550627,0.00391832459717989
0.0037955385632812977,0.003732157638296485
0.0038107966538518667,0.003920069430023432
0.003797571873292327,0.003732621669769287
0.003810514695942402,0.0039197783917188644
0.0037939369212836027,0.00372956576757133
0.0038056059274822474,0.003914923407137394
0.0037906437646597624,0.0037264893762767315
0.003805418498814106,0.003914619795978069
0.003792352043092251,0.003726665396243334
0.003806725377216935,0.003915802109986544
0.0037907324731349945,0.0037249603774398565
0.0038027241826057434,0.003911848645657301
0.0037866130005568266,0.003721406916156411
0.0038008468691259623,0.003909933380782604
0.0037872621323913336,0.0037209438160061836
0.0038024201057851315,0.003911321517080069
0.0037869818042963743,0.0037200176157057285
0.0037997800391167402,0.003908736631274223
0.0037830506917089224,0.0037166988477110863
0.0037968300748616457,0.0039057524409145117
0.0037823140155524015,0.0037153600715100765
0.0037977329920977354,0.003906503319740295
0.003782694460824132,0.0037148224655538797
0.0037965199444442987,0.0039052944630384445
0.0037796380929648876,0.0037121325731277466
0.0037933210842311382,0.0039020853582769632
0.00377799104899168,0.003710244782269001
0.003793524345383048,0.0039021624252200127
0.003778408979997039,0.0037097393069416285
0.0037929329555481672,0.003901536576449871
0.00377606856636703,0.0037075052969157696
0.00378998089581728,0.003898572875186801
0.0037738464307039976,0.0037052929401397705
0.003789240028709173,0.0038977311924099922
0.0037739109247922897,0.0037045793142169714
0.003789176931604743,0.0038976226933300495
0.0037725237198174,0.0037029406521469355
0.003786879125982523,0.0038952839095145464
0.003770099487155676,0.0037006649654358625
0.0037852763198316097,0.0038936357013881207
0.0037693798076361418,0.0036994111724197865
0.0037851184606552124,0.0038934031035751104
0.003768682712689042,0.0036982714664191008
0.003783628810197115,0.0038918673526495695
0.0037664840929210186,0.0036961387377232313
0.0037816783878952265,0.0038898654747754335
0.003765288507565856,0.00369464629329741
0.0037813119124621153,0.0038894363678991795
0.0037647460121661425,0.0036935715470463037
0.0037801142316311598,0.0038881865330040455
0.003762657754123211,0.003691548015922308
0.0037780432030558586,0.003886092221364379
0.0037612789310514927,0.0036899130791425705
0.003777495352551341,0.0038854542654007673
0.0037606535479426384,0.003688837168738246
0.0037765195593237877,0.003884422592818737
0.0037591427098959684,0.0036871794145554304
0.0037749139592051506,0.003882770426571369
0.0037575706373900175,0.0036854813806712627
0.0037737649399787188,0.0038815720472484827
0.003756633261218667,0.0036841779947280884
0.003772970288991928,0.003880699397996068
0.0037555440794676542,0.003682840382680297
0.003771624295040965,0.0038793121930211782
0.0037537571042776108,0.003680983791127801
0.0037700107786804438,0.003877651412039995
0.0037526502273976803,0.003679612884297967
0.0037694547791033983,0.0038770108949393034
0.0037519019097089767,0.0036784736439585686
0.0037682573311030865,0.0038757924921810627
0.0037500900216400623,0.00367666850797832
0.003766606329008937,0.003874065587297082
0.00374896009452641,0.0036752705927938223
0.0037660025991499424,0.003873378736898303
0.0037481861654669046,0.003674132749438286
0.0037650149315595627,0.0038723640609532595
0.003746697911992669,0.0036725520621985197
0.0037633609026670456,0.0038706448394805193
0.0037451612297445536,0.003670900361612439
0.0037623317912220955,0.003869547275826335
0.0037444063927978277,0.003669769736006856
0.0037616300396621227,0.0038687901105731726
0.003743085777387023,0.003668328979983926
0.0037600568030029535,0.003867147723212838
0.003741627326235175,0.003666751319542527
0.0037590437568724155,0.0038660734426230192
0.003740702522918582,0.003665502183139324
0.003758130595088005,0.0038651053328067064
0.003739521373063326,0.0036641776096075773
0.003756895661354065,0.003863818245008588
0.0037381481379270554,0.0036626451183110476
0.003755702869966626,0.0038625483866780996
0.0037370610516518354,0.0036613494157791138
0.003754805773496628,0.003861580975353718
0.003735943930223584,0.003660032758489251
0.003753597615286708,0.003860307624563575
0.0037346717435866594,0.0036586124915629625
0.0037525936495512724,0.003859263611957431
0.003733636112883687,0.003657351015135646
0.0037514667492359877,0.003858039388433099
0.003732301527634263,0.003655879059806466
0.003750280011445284,0.0038568107411265373
0.0037311818450689316,0.0036545780021697283
0.0037493216805160046,0.0038557671941816807
0.003730102675035596,0.003653318854048848
0.003748291404917836,0.003854676615446806
0.00372896040789783,0.0036519812420010567
0.0037471812684088945,0.0038534989580512047
0.0037277578376233578,0.003650637110695243
0.0037461253814399242,0.003852361347526312
0.003726683557033539,0.00364937842823565
0.0037451249081641436,0.0038512861356139183
0.0037255436182022095,0.003648074110969901
0.003744075307622552,0.0038501699455082417
0.0037244337145239115,0.003646793309599161
0.003742994274944067,0.003849020227789879
0.0037231426686048508,0.003645386081188917
0.0037417858839035034,0.003847768297418952
0.0037221270613372326,0.0036441804841160774
0.0037410168442875147,0.0038468805141747
0.003721182933077216,0.0036430286709219217
0.0037399856373667717,0.0038458097260445356
0.003719835542142391,0.0036415939684957266
0.0037385832984000444,0.003844333114102483
0.0037186413537710905,0.003640267997980118
0.0037379281129688025,0.0038435719907283783
0.00371795822866261,0.0036393022164702415
0.0037369506899267435,0.003842534963041544
0.003716501407325268,0.003637817921116948
0.0037355045787990093,0.0038410343695431948
0.0037153500597923994,0.0036365066189318895
0.0037348633632063866,0.0038402583450078964
0.003714692546054721,0.0036356081254780293
0.003733959048986435,0.00383930467069149
0.003713260404765606,0.003634112421423197
0.0037324565928429365,0.003837761003524065
0.0037120841443538666,0.0036328118294477463
0.0037318505346775055,0.003837007563561201
0.0037113758735358715,0.003631861647590995
0.0037308090832084417,0.0038359544705599546
0.0037099842447787523,0.0036304134409874678
0.003729555755853653,0.0038346052169799805
0.003708925098180771,0.003629246959462762
0.0037287191953510046,0.003833629423752427
0.0037079828325659037,0.0036280739586800337
0.0037278400268405676,0.0038327479269355536
0.0037069362588226795,0.0036269258707761765
0.0037266986910253763,0.003831486916169524
0.0037057369481772184,0.0036256604362279177
0.0037257059011608362,0.0038303809706121683
0.003704870818182826,0.003624542849138379
0.003724999725818634,0.0038296410348266363
0.00370383495464921,0.0036234105937182903
0.0037237948272377253,0.0038283169269561768
0.003702584421262145,0.003622103249654174
0.003722740337252617,0.0038271844387054443
0.0037015723064541817,0.0036208827514201403
0.0037218944635242224,0.003826255677267909
0.0037006058264523745,0.0036198170855641365
0.003720772685483098,0.0038250423967838287
0.0036993485409766436,0.0036185127682983875
0.003719805972650647,0.0038239876739680767
0.003698596265166998,0.003617520211264491
0.0037191356532275677,0.0038232069928199053
0.003697489621117711,0.003616348607465625
0.0037178329657763243,0.0038218521513044834
0.0036963163875043392,0.0036150908563286066
0.003716962179169059,0.0038208793848752975
0.0036954202223569155,0.003614018438383937
0.0037161456421017647,0.0038199513219296932
0.003694492159411311,0.0036129741929471493
0.0037151097785681486,0.0038188504986464977
0.003693175734952092,0.0036116086412221193
0.003713915590196848,0.0038175678346306086
0.003692267695441842,0.003610554151237011
0.003713203826919198,0.0038167242892086506
0.0036913095973432064,0.003609481267631054
0.0037122098729014397,0.0038156795781105757
0.0036902856081724167,0.003608336439356208
0.003711301600560546,0.0038146532606333494
0.0036893258802592754,0.003607297781854868
0.0037103816866874695,0.0038136173970997334
0.0036883996799588203,0.0036061881110072136
0.0037095181178301573,0.003812687937170267
0.003687245072796941,0.0036050137132406235
0.003708240110427141,0.0038113179616630077
0.0036861037369817495,0.0036037627141922712
0.003707475494593382,0.0038104208651930094
0.003685316303744912,0.0036028516478836536
0.0037066142540425062,0.0038094751071184874
0.003684251569211483,0.0036016760859638453
0.003705444512888789,0.003808242967352271
0.0036830459721386433,0.0036004483699798584
0.003704567439854145,0.0038072180468589067
0.0036823763512074947,0.0035995941143482924
0.0037039106246083975,0.0038064667023718357
0.0036813211627304554,0.003598447423428297
0.0037028032820671797,0.003805314190685749
0.0036802482791244984,0.0035973202902823687
0.00370175763964653,0.0038040727376937866
0.0036792464088648558,0.0035962508991360664
0.003700998378917575,0.0038032596930861473
0.00367844570428133,0.003595244837924838
0.0037001247983425856,0.0038023036904633045
0.0036772217135876417,0.0035940702073276043
0.0036988097708672285,0.0038008287083357573
0.0036762868985533714,0.0035930084995925426
0.003698377637192607,0.003800308331847191
0.00367566104978323,0.0035921735689044
0.0036974395625293255,0.0037992976140230894
0.003674353240057826,0.00359091954305768
0.0036961068399250507,0.0037978063337504864
0.0036734025925397873,0.003589876461774111
0.0036956348922103643,0.003797257086262107
0.0036727790720760822,0.003589031519368291
0.003694667248055339,0.003796197706833482
0.0036713555455207825,0.0035877134650945663
0.0036932446528226137,0.003794637508690357
0.0036704647354781628,0.003586697159335017
0.003692853730171919,0.0037941394839435816
0.0036698090843856335,0.0035858629271388054
0.0036918860860168934,0.0037930803373456
0.003668616060167551,0.003584703430533409
0.003690773854032159,0.003791840048506856
0.0036676814779639244,0.00358367245644331
0.00369001436047256,0.0037909969687461853
0.0036668579559773207,0.003582705743610859
0.0036892190109938383,0.0037900565657764673
0.0036658148746937513,0.0035816733725368977
0.0036879833787679672,0.0037887224461883307
0.0036646989174187183,0.0035804908256977797
0.003687201766297221,0.0037878553848713636
0.003663974115625024,0.003579644486308098
0.003686451818794012,0.003786950372159481
0.0036630136892199516,0.0035786484368145466
0.0036854250356554985,0.003785822307690978
0.0036619682796299458,0.003577552968636155
0.0036845356225967407,0.0037848171778023243
0.0036611100658774376,0.0035765920765697956
0.0036837283987551928,0.0037839035503566265
0.0036602416075766087,0.003575662849470973
0.00368284503929317,0.003782887477427721
0.0036592883989214897,0.0035746677312999964
0.003681889036670327,0.0037818369455635548
0.0036582453176379204,0.0035735690034925938
0.0036809786688536406,0.0037807896733283997
0.003657460678368807,0.003572709858417511
0.0036802219692617655,0.0037799256388098
0.0036564748734235764,0.0035716593265533447
0.0036792191676795483,0.0037788080517202616
0.003655552864074707,0.003570698434486985
0.0036783828400075436,0.0037778522819280624
0.003654646221548319,0.0035697338171303272
0.0036775206681340933,0.0037768532056361437
0.0036538278218358755,0.0035688583739101887
0.0036767153069376945,0.003775952383875847
0.003652778221294284,0.0035677545238286257
0.00367561262100935,0.0037747113965451717
0.003651900216937065,0.003566856263205409
0.003675000509247184,0.0037739824037998915
0.003651088336482644,0.0035659398417919874
0.0036739110946655273,0.003772787284106016
0.003649964230135083,0.003564847633242607
0.0036730885040014982,0.003771816147491336
0.0036493081133812666,0.003564072074368596
0.003672370919957757,0.0037710017058998346
0.0036482445430010557,0.00356300943531096
0.0036711774300783873,0.0037696948274970055
0.0036472624633461237,0.0035620033740997314
0.0036705301608890295,0.0037689071614295244
0.0036466221790760756,0.0035612727515399456
0.0036697571631520987,0.003768013557419181
0.003645561868324876,0.0035602024290710688
0.0036686277016997337,0.0037667693104594946
0.0036446445155888796,0.0035592771600931883
0.003667996497824788,0.0037659774534404278
0.0036440200638026,0.003558532800525427
0.003667183918878436,0.0037650924641638994
0.003642891300842166,0.003557417541742325
0.003666042350232601,0.003763827495276928
0.003641945542767644,0.003556477837264538
0.003665302414447069,0.00376291386783123
0.0036413006018847227,0.003555723698809743
0.003664672840386629,0.0037622046656906605
0.003640353912487626,0.0035547560546547174
0.003663636976853013,0.0037610142026096582
0.003639521775767207,0.0035539332311600447
0.003662909846752882,0.0037601380608975887
0.003638604423031211,0.00355295417830348
0.003661898197606206,0.003759072395041585
0.00363764981739223,0.0035519730299711227
0.003661072114482522,0.0037580677308142185
0.003636839333921671,0.0035512077156454325
0.0036602281033992767,0.003757097525522113
0.003635979723185301,0.0035502624232321978
0.003659422043710947,0.0037562090437859297
0.003635082859545946,0.0035493653267621994
0.0036585077177733183,0.0037551401183009148
0.0036341887898743153,0.003548478940501809
0.0036576329730451107,0.003754122881218791
0.0036333692260086536,0.003547605127096176
0.0036568662617355585,0.0037532667629420757
0.0036324751563370228,0.0035466987174004316
0.0036560120061039925,0.003752266988158226
0.0036317973863333464,0.0035460053477436304
0.0036553347017616034,0.0037514418363571167
0.003630884224548936,0.003545063314959407
0.0036543540190905333,0.0037503582425415516
0.003629922866821289,0.0035441159270703793
0.003653482999652624,0.003749352879822254
0.003629142651334405,0.0035433273296803236
0.003652668558061123,0.0037484019994735718
0.0036282509099692106,0.0035424279049038887
0.003651805454865098,0.0037474471610039473
0.0036273507867008448,0.003541518934071064
0.0036509146448224783,0.0037464022170752287
0.0036265822127461433,0.003540760139003396
0.003650231985375285,0.003745568683370948
0.0036257957108318806,0.0035399305634200573
0.003649361664429307,0.003744599176570773
0.0036249454133212566,0.0035390853881835938
0.003648595418781042,0.0037436848506331444
0.00362413446418941,0.003538290271535516
0.0036476622335612774,0.003742646425962448
0.003623219672590494,0.003537376644089818
0.003646914381533861,0.0037417535204440355
0.0036225239746272564,0.00353666627779603
0.0036460994742810726,0.003740824991837144
0.0036215828731656075,0.003535741474479437
0.0036452938802540302,0.0037398787681013346
0.0036209102254360914,0.0035350548569113016
0.0036444924771785736,0.0037389525678008795
0.0036198787856847048,0.00353406835347414
0.00364344147965312,0.0037377977278083563
0.0036190366372466087,0.003533249953761697
0.0036427974700927734,0.003736986545845866
0.0036184799391776323,0.0035326683428138494
0.0036420838441699743,0.0037361483555287123
0.0036174170672893524,0.0035316329449415207
0.003640986979007721,0.0037349665071815252
0.0036166373174637556,0.003530870657414198
0.003640414448454976,0.003734215162694454
0.00361601822078228,0.0035302601754665375
0.0036395536735653877,0.0037332498468458652
0.0036150282248854637,0.0035292862448841333
0.003638696623966098,0.0037322980351746082
0.0036142088938504457,0.003528497414663434
0.003637883346527815,0.0037312819622457027
0.0036136226262897253,0.0035279218573123217
0.0036373352631926537,0.003730642143636942
0.003612722735852003,0.0035270219668745995
0.0036362027749419212,0.003729411168023944
0.003611801890656352,0.0035261916927993298
0.0036355750635266304,0.0037286244332790375
0.0036112775560468435,0.0035256128758192062
0.0036348733119666576,0.003727779258042574
0.0036102805752307177,0.003524659899994731
0.003633835120126605,0.003726631635800004
0.003609452862292528,0.00352389900945127
0.003633164567872882,0.0037258088123053312
0.0036088554188609123,0.0035232913214713335
0.0036324383690953255,0.0037249885499477386
0.003607954829931259,0.003522441955283284
0.00363154336810112,0.003723953850567341
0.0036072544753551483,0.003521786304190755
0.0036309133283793926,0.003723160130903125
0.003606473794206977,0.0035210030619055033
0.0036299824714660645,0.003722150344401598
0.0036055732052773237,0.003520144382491708
0.00362914870493114,0.0037211673334240913
0.0036048542242497206,0.003519504563882947
0.003628491424024105,0.003720385953783989
0.003604170633479953,0.0035188263282179832
0.00362759898416698,0.0037193922325968742
0.0036031536292284727,0.003517902921885252
0.0036268248222768307,0.0037184986285865307
0.0036027804017066956,0.003517500124871731
0.0036263412330299616,0.003717816900461912
0.0036016947124153376,0.0035165229346603155
0.0036250054836273193,0.003716446692124009
0.0036009103059768677,0.0035157608799636364
0.0036246641539037228,0.00371591211296618
0.0036005538422614336,0.003515417454764247
0.0036239181645214558,0.0037150727584958076
0.0035993580240756273,0.0035143252462148666
0.0036227507516741753,0.0037137798499315977
0.0035987147130072117,0.003513723611831665
0.0036223267670720816,0.0037132001016288996
0.003598068840801716,0.0035131073091179132
0.0036213616840541363,0.0037121467757970095
0.003597119590267539,0.003512253751978278
0.0036205558571964502,0.003711221506819129
0.003596456255763769,0.003511646296828985
0.0036199248861521482,0.0037104340735822916
0.0035958413500338793,0.0035110649187117815
0.003619262482970953,0.0037096741143614054
0.0035950487945228815,0.0035103182308375835
0.003618251997977495,0.0037085276562720537
0.003594056237488985,0.00350942718796432
0.0036175083369016647,0.0037076519802212715
0.003593645291402936,0.0035090139135718346
0.003617067588493228,0.0037070661783218384
0.0035928129218518734,0.0035082714166492224
0.003615833120420575,0.003705755341798067
0.003591779386624694,0.0035073731560260057
0.0036152666434645653,0.0037050473038107157
0.0035914538893848658,0.003507031826302409
0.0036147027276456356,0.003704334609210491
0.00359053211286664,0.003506203880533576
0.0036136566195636988,0.0037032037507742643
0.0035897635389119387,0.0035054998006671667
0.003613098757341504,0.0037024691700935364
0.003589118365198374,0.0035049181897193193
0.0036122731398791075,0.0037015534471720457
0.003588371677324176,0.0035042413510382175
0.0036115627735853195,0.0037007068749517202
0.0035876589827239513,0.0035036110784858465
0.0036106908228248358,0.0036997145507484674
0.003586722305044532,0.0035027675330638885
0.0036098493728786707,0.0036987720523029566
0.003586184000596404,0.0035023000091314316
0.003609447507187724,0.003698222804814577
0.003585566533729434,0.003501730505377054
0.003608403028920293,0.003697078675031662
0.0035845190286636353,0.0035008005797863007
0.0036076821852475405,0.0036961876321583986
0.0035840747877955437,0.003500385209918022
0.0036071573849767447,0.0036955447867512703
0.003583333222195506,0.003499728860333562
0.003606220940127969,0.003694521728903055
0.0035824936348944902,0.003499020589515567
0.0036055254749953747,0.0036936639808118343
0.0035819101613014936,0.003498485079035163
0.003604784607887268,0.003692814614623785
0.0035810284316539764,0.0034977011382579803
0.003603963181376457,0.0036918791010975838
0.0035803657956421375,0.0034970950800925493
0.003603259800001979,0.003691010642796755
0.003579657059162855,0.003496496006846428
0.0036024826113134623,0.0036901345010846853
0.0035789150279015303,0.0034958510659635067
0.003601835574954748,0.0036893715150654316
0.003578383941203356,0.0034953723661601543
0.003601147560402751,0.0036885398440063
0.003577515948563814,0.0034946054220199585
0.003600187599658966,0.0036874585784971714
0.0035767205990850925,0.0034939104225486517
0.003599561983719468,0.003686687210574746
0.00357615458779037,0.003493404248729348
0.003598863026127219,0.0036858986131846905
0.003575349459424615,0.003492728341370821
0.0035979761742055416,0.0036849002353847027
0.0035746817011386156,0.0034921509213745594
0.0035973885096609592,0.0036841800902038813
0.003574028145521879,0.0034915548749268055
0.003596559399738908,0.003683178685605526
0.0035731433890759945,0.003490789793431759
0.003595758695155382,0.003682263195514679
0.003572555724531412,0.003490226110443473
0.003595257643610239,0.003681610804051161
0.0035719217266887426,0.0034897117875516415
0.0035943363327533007,0.00368058611638844
0.003571068635210395,0.0034889793023467064
0.0035936676431447268,0.003679783781990409
0.0035705207847058773,0.00348852202296257
0.0035930548328906298,0.0036790724843740463
0.0035698036663234234,0.0034878957085311413
0.003592160064727068,0.003678038949146867
0.0035689841024577618,0.0034872039686888456
0.00359145924448967,0.0036771725863218307
0.003568466752767563,0.0034866733476519585
0.0035909395664930344,0.0036764952819794416
0.0035675547551363707,0.003485891968011856
0.003589779371395707,0.0036752198357135057
0.0035668425261974335,0.00348526774905622
0.003589373081922531,0.0036746524274349213
0.0035662769805639982,0.003484801622107625
0.003588453633710742,0.0036736768670380116
0.0035653305239975452,0.003484010696411133
0.003587725106626749,0.0036728393752127886
0.0035649894271045923,0.003483731299638748
0.003587367944419384,0.0036722724325954914
0.0035642306320369244,0.003483059350401163
0.0035862319637089968,0.00367104378528893
0.003563286503776908,0.0034822034649550915
0.0035857378970831633,0.0036703848745673895
0.003562894184142351,0.0034818528220057487
0.003584930207580328,0.0036693804431706667
0.0035619011614471674,0.003481011837720871
0.003584151156246662,0.0036685322411358356
0.0035613742657005787,0.0034805547911673784
0.0035834829322993755,0.0036677271127700806
0.003560648998245597,0.0034799426794052124
0.003582822624593973,0.00366692035458982
0.0035599875263869762,0.0034793722443282604
0.00358198001049459,0.0036659426987171173
0.0035591803025454283,0.003478670958429575
0.00358134345151484,0.0036651736591011286
0.003558601951226592,0.0034781431313604116
0.0035805744118988514,0.00366423767991364
0.003557780059054494,0.003477453486993909
0.003579844255000353,0.003663368057459593
0.0035572946071624756,0.0034769976045936346
0.0035793494898825884,0.003662725677713752
0.0035564564168453217,0.0034762825816869736
0.003578324569389224,0.0036615661811083555
0.003555718809366226,0.0034756662789732218
0.003577727824449539,0.003660836024209857
0.0035550552420318127,0.0034750723280012608
0.003576964372768998,0.003659940091893077
0.0035544175188988447,0.0034745358861982822
0.003576350398361683,0.003659156383946538
0.0035537355579435825,0.0034739391412585974
0.0035755597054958344,0.0036582325119525194
0.003552915994077921,0.0034731896594166756
0.003574784379452467,0.003657299792394042
0.003552329493686557,0.0034726832527667284
0.0035742223262786865,0.0036565707996487617
0.00355157139711082,0.0034720338881015778
0.0035732402466237545,0.003655468812212348
0.0035508200526237488,0.003471390577033162
0.0035727601498365402,0.0036548529751598835
0.003550267778337002,0.0034709060564637184
0.0035719929728657007,0.003653929801657796
0.003549526911228895,0.00347027531825006
0.0035713298711925745,0.003653106978163123
0.0035489224828779697,0.0034697300288826227
0.0035705200862139463,0.0036521400325000286
0.0035479888319969177,0.0034689034800976515
0.0035698178689926863,0.003651313716545701
0.003547538071870804,0.003468492068350315
0.003569210646674037,0.0036505102179944515
0.0035467182751744986,0.0034678124357014894
0.003568373853340745,0.0036495355889201164
0.003546071005985141,0.003467208007350564
0.0035677661653608084,0.0036487902980297804
0.0035453615710139275,0.0034665989223867655
0.003566945670172572,0.003647817065939307
0.0035446130204945803,0.003465973073616624
0.0035662944428622723,0.003646992612630129
0.0035440910141915083,0.0034654950723052025
0.00356564880348742,0.0036462582647800446
0.0035432057920843363,0.003464743960648775
0.0035647579934448004,0.003645174903795123
0.0035426788963377476,0.003464283188804984
0.0035642855800688267,0.003644514363259077
0.0035419499035924673,0.0034636249765753746
0.0035634159576147795,0.003643571399152279
0.003541106591001153,0.003462869441136718
0.0035626147873699665,0.003642559750005603
0.003540552221238613,0.003462450345978141
0.0035621109418570995,0.003641860792413354
0.0035399403423070908,0.003461870364844799
0.003561423858627677,0.0036411178298294544
0.0035391219425946474,0.003461166052147746
0.0035605046432465315,0.003639989299699664
0.003538426710292697,0.003460583044216037
0.003559948643669486,0.003639258909970522
0.003537875134497881,0.0034600766375660896
0.0035592387430369854,0.0036384526174515486
0.0035370374098420143,0.003459332510828972
0.00355850113555789,0.003637535497546196
0.0035364716313779354,0.003458855440840125
0.003557902527973056,0.0036367117427289486
0.0035358478780835867,0.003458287101238966
0.003557092510163784,0.0036357950884848833
0.003534957068040967,0.0034574742894619703
0.0035564275458455086,0.003634945023804903
0.0035343985073268414,0.003456933656707406
0.003555741859599948,0.0036340379156172276
0.0035336106084287167,0.003456278471276164
0.003554940689355135,0.0036331021692603827
0.0035330355167388916,0.003455713391304016
0.0035544487182050943,0.003632461652159691
0.003532257629558444,0.0034550796262919903
0.003553468734025955,0.0036313291639089584
0.0035315745044499636,0.0034545096568763256
0.0035529686138033867,0.00363071053288877
0.003531089285388589,0.0034541140776127577
0.0035523639526218176,0.003629953134804964
0.003530287416651845,0.0034534530714154243
0.0035514337942004204,0.0036288800183683634
0.003529598703607917,0.0034528535325080156
0.00355082587338984,0.003628133563324809
0.003528980305418372,0.003452310571447015
0.0035503199324011803,0.003627440892159939
0.0035284145269542933,0.0034518030006438494
0.003549457062035799,0.003626406192779541
0.003527587279677391,0.003451055148616433
0.003548908745869994,0.003625689772889018
0.0035270515363663435,0.003450519870966673
0.0035481660161167383,0.003624717704951763
0.0035261784214526415,0.003449734766036272
0.003547301748767495,0.003623658325523138
0.0035255360417068005,0.0034490912221372128
0.003546804189682007,0.0036229752004146576
0.003524810541421175,0.003448406932875514
0.003545955056324601,0.00362195516936481
0.003524119732901454,0.0034478073939681053
0.003545323619619012,0.0036211113911122084
0.0035235348623245955,0.003447278868407011
0.003544772742316127,0.0036204352509230375
0.0035228771157562733,0.0034466993529349566
0.0035439636558294296,0.0036194592248648405
0.0035221767611801624,0.003446141490712762
0.003543260507285595,0.003618639660999179
0.003521431004628539,0.003445529844611883
0.00354255479760468,0.0036178119480609894
0.003520992351695895,0.0034452287945896387
0.0035421475768089294,0.00361729902215302
0.0035202971193939447,0.003444659523665905
0.003541180631145835,0.0036162096075713634
0.0035197245888412,0.003444288857281208
0.00354091078042984,0.0036158161237835884
0.0035191725473850965,0.0034438115544617176
0.0035398374311625957,0.0036146545317023993
0.003518191399052739,0.003443049965426326
0.003539332188665867,0.0036140000447630882
0.0035179376136511564,0.0034428127110004425
0.0035387645475566387,0.0036132403183728456
0.0035170738119632006,0.003442096523940563
0.0035379272885620594,0.0036122864112257957
0.003516449360176921,0.003441494656726718
0.0035373333375900984,0.003611465683206916
0.0035157357342541218,0.0034408243373036385
0.003536539850756526,0.0036104614846408367
0.003514995099976659,0.0034400676377117634
0.0035360471811145544,0.0036097245756536722
0.00351448031142354,0.0034394811373203993
0.00353526440449059,0.0036086556501686573
0.0035134803038090467,0.0034384052269160748
0.0035345866344869137,0.003607648191973567
0.003513025352731347,0.003437766106799245
0.0035339531023055315,0.0036066349130123854
0.003511981572955847,0.0034365796018391848
0.0035330860409885645,0.00360543723218143
0.003511269111186266,0.003435603342950344
0.0035325472708791494,0.0036044109147042036
0.003510471433401108,0.0034345637541264296
0.0035316182766109705,0.0036030649207532406
0.0035095131024718285,0.0034332661889493465
0.003531110705807805,0.003602024633437395
0.0035087596625089645,0.0034321316052228212
0.0035301351454108953,0.0036004879511892796
0.0035075934138149023,0.0034305178560316563
0.003529406152665615,0.003599057672545314
0.0035068609286099672,0.003429181408137083
0.003528773784637451,0.003597705624997616
0.003505533328279853,0.0034271208569407463
0.003527557710185647,0.003595533315092325
0.00350438104942441,0.0034249608870595694
0.0035270729567855597,0.0035937444772571325
0.0035032208543270826,0.003422332927584648
0.0035261865705251694,0.003591140964999795
0.0035014795139431953,0.003418491454795003
0.003525234991684556,0.0035874960012733936
0.0034999267663806677,0.0034136800095438957
0.003525705309584737,0.003583542536944151
0.0034998871851712465,0.0034088268876075745
0.0035295234993100166,0.003579610725864768
0.003507473971694708,0.003411636222153902
0.003547064261510968,0.0035841651260852814
0.003533523064106703,0.003443864407017827
0.0035630071070045233,0.0035882084630429745
0.003519273828715086,0.003461918095126748
0.00349407154135406,0.0035210822243243456
0.0034503121860325336,0.0034135235473513603
0.0034666990395635366,0.0034936857409775257
0.0034842495806515217,0.003424599766731262
0.003537389449775219,0.003561481134966016
0.0035291877575218678,0.0034403784666210413
0.00354961771517992,0.003594358451664448
0.003502409905195236,0.003404902992770076
0.0035233243834227324,0.0035884417593479156
0.003494336036965251,0.0034091609995812178
0.0035314683336764574,0.0035977642983198166
0.0035253711976110935,0.0034565033856779337
0.003541577374562621,0.0036171029787510633
0.0035122614353895187,0.0034589215647429228
0.0035148542374372482,0.003604974364861846
0.0034957313910126686,0.0034473061095923185
0.003515956224873662,0.0035998730454593897
0.0035108320880681276,0.003451296128332615
0.0035348492674529552,0.003604637924581766
0.003513683332130313,0.0034404078032821417
0.0035280431620776653,0.0035927556455135345
0.0034944151993840933,0.003410114673897624
0.0035177196841686964,0.0035727573558688164
0.0034923255443573,0.003400602377951145
0.003526542102918029,0.0035713689867407084
0.003499900922179222,0.0034069668035954237
0.003523855237290263,0.003565039485692978
0.0034937364980578423,0.0034033702686429024
0.003518344135954976,0.00355442869476974
0.003491153009235859,0.003402594244107604
0.0035100996028631926,0.003542909864336252
0.003481433028355241,0.003398510394617915
0.0035035284236073494,0.0035384686198085546
0.003487301291897893,0.0034005441702902317
0.0035163091961294413,0.0035536892246454954
0.003490552306175232,0.0033963017631322145
0.0035158332902938128,0.003561771474778652
0.003485194407403469,0.003390815807506442
0.00351562793366611,0.003569236258044839
0.0034904805943369865,0.003401307389140129
0.003519427729770541,0.0035757755395025015
0.00349572510458529,0.0034136699978262186
0.003522090148180723,0.0035861290525645018
0.003501751460134983,0.003430867800489068
0.0035247153136879206,0.0035991838667541742
0.0035061698872596025,0.003448789706453681
0.0035179434344172478,0.0035974597558379173
0.003498557722195983,0.0034476779401302338
0.003512119874358177,0.003590938402339816
0.003500121645629406,0.0034424227196723223
0.003522560466080904,0.0035963302943855524
0.0035016031470149755,0.0034316612873226404
0.0035185355227440596,0.0035831001587212086
0.0034912675619125366,0.003413211554288864
0.0035143436398357153,0.0035717703867703676
0.003489353694021702,0.0034054070711135864
0.0035139683168381453,0.0035692511592060328
0.0034836444538086653,0.0033969043288379908
0.00350870075635612,0.003562320489436388
0.003482111031189561,0.0033937329426407814
0.0035102488473057747,0.0035609565675258636
0.0034831042867153883,0.0033936488907784224
0.0035074173938483,0.0035583297722041607
0.0034786658361554146,0.003388158045709133
0.003505946835502982,0.0035570310428738594
0.003479238133877516,0.0033880178816616535
0.0035063964314758778,0.0035552389454096556
0.003478114027529955,0.0033875571098178625
0.003503507701680064,0.0035514277406036854
0.0034763943403959274,0.003386204829439521
0.0035042602103203535,0.0035515623167157173
0.0034764057490974665,0.0033857044763863087
0.0035027533303946257,0.003549125511199236
0.0034736450761556625,0.003383029019460082
0.003500652266666293,0.00354586448520422
0.0034743191208690405,0.003383527509868145
0.0035020369105041027,0.003546281484887004
0.0034736101515591145,0.0033822369296103716
0.0034992187283933163,0.003542765509337187
0.0034710054751485586,0.00337936426512897
0.0034987321123480797,0.0035409508273005486
0.0034718376118689775,0.003380020847544074
0.003498678095638752,0.003539069788530469
0.003470627823844552,0.003379330039024353
0.0034968506079167128,0.0035354220308363438
0.003469684161245823,0.0033786557614803314
0.003495977260172367,0.0035325568169355392
0.003468674374744296,0.0033784310799092054
0.0034938741009682417,0.0035286385100334883
0.0034671765752136707,0.003378326538950205
0.003491724142804742,0.0035250920336693525
0.0034656887874007225,0.003377756103873253
0.00348923378624022,0.0035222237929701805
0.0034634466283023357,0.0033753393217921257
0.0034880447201430798,0.0035221485886722803
0.0034632354509085417,0.0033738920465111732
0.0034894095733761787,0.003525810083374381
0.0034633746836334467,0.003372584003955126
0.003489907830953598,0.0035297607537359
0.003462962107732892,0.0033716841135174036
0.0034915744327008724,0.0035358350723981857
0.00346595817245543,0.0033763539977371693
0.0034966960083693266,0.0035471611190587282
0.0034750401973724365,0.0033924230374395847
0.0035100195091217756,0.0035700416192412376
0.00350208836607635,0.003437471343204379
0.0035346816293895245,0.0036095695104449987
0.0035207027103751898,0.003486133646219969
0.003504627849906683,0.0035935251507908106
0.0034616421908140182,0.0034439442679286003
0.0034650443121790886,0.003555608680471778
0.0034833650570362806,0.0034477957524359226
0.003536919830366969,0.003612610511481762
0.0035224920138716698,0.003457283368334174
0.003512968309223652,0.0035717745777219534
0.0034616643097251654,0.0033877326641231775
0.003483335953205824,0.0035374506842345
0.003477232763543725,0.003394106635823846
0.003515019314363599,0.0035676227416843176
0.0034733545035123825,0.0033919678535312414
0.0034846451599150896,0.0035411491990089417
0.0034692578483372927,0.0033970328513532877
0.0035112034529447556,0.0035723685286939144
0.0035049112048000097,0.0034434597473591566
0.003516200464218855,0.003590392880141735
0.0034822183661162853,0.0034362655133008957
0.0034856460988521576,0.00356824928894639
0.0034767030738294125,0.003437614068388939
0.003500691382214427,0.0035785280633717775
0.003493947209790349,0.0034430180676281452
0.0035076583735644817,0.0035773676354438066
0.0034798618871718645,0.003414004575461149
0.003497678553685546,0.003557703923434019
0.003475150093436241,0.003400530433282256
0.0034987335093319416,0.003552117617800832
0.0034700881224125624,0.0033923659939318895
0.0034919993486255407,0.003545946441590786
0.0034688012674450874,0.0033920875284820795
0.003497205674648285,0.0035522235557436943
0.0034750639460980892,0.003401686204597354
0.0034966981038451195,0.003555526025593281
0.0034753023646771908,0.0034090562257915735
0.003498177509754896,0.00356458593159914
0.0034815191756933928,0.003423572052270174
0.0034983521327376366,0.003569579916074872
0.003477682126685977,0.0034262915141880512
0.0034898407757282257,0.003561649238690734
0.0034750865306705236,0.00342146516777575
0.0034961579367518425,0.0035646329633891582
0.003478236496448517,0.003416875610128045
0.0034959076438099146,0.0035581253468990326
0.0034706711303442717,0.0034029032103717327
0.003490353235974908,0.00354678719304502
0.0034685267601162195,0.0033955120015889406
0.003492851508781314,0.0035467541310936213
0.0034665544517338276,0.0033912055660039186
0.0034880563616752625,0.0035415233578532934
0.003463537897914648,0.0033883422147482634
0.0034888035152107477,0.003541867947205901
0.0034668578300625086,0.0033924260642379522
0.0034898752346634865,0.0035450186114758253
0.003465354908257723,0.003393947146832943
0.0034876936115324497,0.0035460239741951227
0.0034679051022976637,0.0034007348585873842
0.0034898959565907717,0.0035505215637385845
0.0034699083771556616,0.0034074378199875355
0.003488212125375867,0.003551698289811611
0.0034682773984968662,0.003409587312489748
0.0034862321335822344,0.003551407717168331
0.0034679430536925793,0.00341040245257318
0.0034863357432186604,0.0035507141146808863
0.0034669050946831703,0.003407167736440897
0.0034854626283049583,0.003547285683453083
0.003464941866695881,0.0034014720004051924
0.00348519254475832,0.0035437170881778
0.003463685978204012,0.003396179061383009
0.003484415588900447,0.0035398160107433796
0.0034604163374751806,0.003389508929103613
0.003482373198494315,0.003535534255206585
0.0034588451962918043,0.003385356394574046
0.0034824006725102663,0.0035333179403096437
0.003457732032984495,0.0033824604470282793
0.003480314277112484,0.00352967856451869
0.0034554318990558386,0.003378510707989335
0.0034800188150256872,0.0035281789023429155
0.003454715944826603,0.0033759628422558308
0.0034786032047122717,0.0035249877255409956
0.0034527003299444914,0.003372391453012824
0.0034775864332914352,0.0035217823460698128
0.00345211080275476,0.003369642421603203
0.0034777377732098103,0.003519128542393446
0.003451110329478979,0.003366005839779973
0.0034774928353726864,0.0035145783331245184
0.0034519715700298548,0.003363935276865959
0.0034816109109669924,0.003511984832584858
0.0034596771001815796,0.003370627760887146
0.00349021190777421,0.003512202762067318
0.0034682778641581535,0.0033869983162730932
0.003484264248982072,0.0034997931215912104
0.0034517627209424973,0.003387480042874813
0.0034518528264015913,0.0034647106658667326
0.0034297900274395943,0.003373481333255768
0.003447235794737935,0.00345602841116488
0.0034418499562889338,0.0033780394587665796
0.003463848726823926,0.0034731084015220404
0.0034509985707700253,0.0033734762109816074
0.003476702608168125,0.0034988676197826862
0.003456160658970475,0.0033647685777395964
0.003481032093986869,0.00351982400752604
0.0034370231442153454,0.00334706949070096
0.0034632855094969273,0.0035046350676566362
0.003448003437370062,0.0033630444668233395
0.00348322419449687,0.00351932761259377
0.003459247760474682,0.0033839016687124968
0.0034795247483998537,0.003528870176523924
0.0034601532388478518,0.003396011423319578
0.0034873795229941607,0.0035521904937922955
0.003464486449956894,0.0034182267263531685
0.0034730012994259596,0.003543935250490904
0.0034570847637951374,0.0034225350245833397
0.0034686194267123938,0.0035388320684432983
0.0034578698687255383,0.0034160250797867775
0.003479831153526902,0.003544968320056796
0.0034649420995265245,0.003405665047466755
0.003482512664049864,0.0035364970099180937
0.003446820192039013,0.0033758049830794334
0.003465798683464527,0.0035114921629428864
0.003448187606409192,0.0033722284715622663
0.0034802639856934547,0.0035222519654780626
0.003451020922511816,0.0033726070541888475
0.003465501591563225,0.0035078823566436768
0.0034349162597209215,0.0033549952786415815
0.003466136986389756,0.0035088832955807447
0.003444463014602661,0.003363130846992135
0.003471081843599677,0.0035141080152243376
0.0034432311076670885,0.0033660714980214834
0.003465501591563225,0.003510610666126013
0.003444819012656808,0.003369768848642707
0.0034711204934865236,0.0035190077032893896
0.0034484697971493006,0.003378302091732621
0.0034706485457718372,0.003524242667481303
0.003450053045526147,0.0033906614407896996
0.003471531206741929,0.0035313537809997797
0.003457851940765977,0.0034095915034413338
0.0034726597368717194,0.0035377582535147667
0.0034515338484197855,0.003408837830647826
0.003461886662989855,0.0035292250104248524
0.0034459796734154224,0.0034008072689175606
0.003468009177595377,0.0035311346873641014
0.003453461453318596,0.003398638917133212
0.003472445532679558,0.003527825465425849
0.0034469300881028175,0.003383287228643894
0.003465318586677313,0.00351406866684556
0.003443318186327815,0.0033733281306922436
0.003467732109129429,0.003513011150062084
0.0034411351662129164,0.0033675755839794874
0.003462569322437048,0.0035066662821918726
0.003436275292187929,0.0033611380495131016
0.0034631185699254274,0.003504612948745489
0.0034398394636809826,0.003362782532349229
0.003463347442448139,0.003502722829580307
0.003435850143432617,0.0033575722482055426
0.0034592871088534594,0.0034988580737262964
0.003433791222050786,0.0033537577837705612
0.0034607015550136566,0.003498594043776393
0.0034347253385931253,0.0033531372901052237
0.0034595525357872248,0.0034939723554998636
0.003433133475482464,0.0033499072305858135
0.0034593800082802773,0.003489893628284335
0.0034349821507930756,0.003349573351442814
0.00346398469991982,0.003489463357254863
0.003440514672547579,0.003353977808728814
0.0034684864804148674,0.0034869525115936995
0.003446713089942932,0.003366023302078247
0.003466209163889289,0.0034782178699970245
0.0034385323524475098,0.0033721893560141325
0.0034416636917740107,0.0034499606117606163
0.0034177612978965044,0.003362478455528617
0.003428882220759988,0.00343212834559381
0.00341924955137074,0.003363805590197444
0.0034332810901105404,0.003433498553931713
0.0034205277916043997,0.003358393209055066
0.0034373519010841846,0.003442520508542657
0.0034293201752007008,0.003353432286530733
0.003459322964772582,0.003476702608168125
0.0034380443394184113,0.0033510883804410696
0.003458113642409444,0.003490328323096037
0.0034167771227657795,0.00332990987226367
0.0034461766481399536,0.003479873528704047
0.0034319693222641945,0.003347604302689433
0.0034675216302275658,0.00349684851244092
0.003442478133365512,0.0033691355492919683
0.003465052228420973,0.0035081543028354645
0.003449704498052597,0.0033912265207618475
0.003477882593870163,0.003539493540301919
0.003452846547588706,0.0034167193807661533
0.003451845608651638,0.0035231392830610275
0.003429642878472805,0.003404080169275403
0.003445038106292486,0.0035128172021359205
0.0034472797997295856,0.003407004289329052
0.003478777827695012,0.003535293508321047
0.0034548090770840645,0.0033945306204259396
0.0034614813048392534,0.003506456036120653
0.003422389505431056,0.0033516259863972664
0.0034471331164240837,0.0034860027953982353
0.003432570956647396,0.003356523346155882
0.0034666755236685276,0.003503254847601056
0.003432690631598234,0.003357639303430915
0.003445795038715005,0.003483602311462164
0.0034214449115097523,0.0033481477294117212
0.0034558563493192196,0.003496516263112426
0.003436785889789462,0.0033653657883405685
0.0034599124919623137,0.0035074898041784763
0.0034336107783019543,0.0033735851757228374
0.0034553620498627424,0.003509610192850232
0.0034451072569936514,0.0033965567126870155
0.003462043358013034,0.0035217904951423407
0.003439009655267,0.0033979814033955336
0.003446699818596244,0.0035103331319987774
0.003429313888773322,0.0033869908656924963
0.00345290033146739,0.0035115815699100494
0.003441191278398037,0.0033893065992742777
0.0034611837472766638,0.0035104507114738226
0.0034335379023104906,0.003372043604031205
0.003449829760938883,0.003492922754958272
0.003426619339734316,0.003359968774020672
0.003453796496614814,0.0034942913334816694
0.0034299083054065704,0.003360156435519457
0.003450850723311305,0.003491275943815708
0.003421725472435355,0.0033517011906951666
0.0034466860815882683,0.0034869126975536346
0.0034276549704372883,0.003358313348144293
0.003454273333773017,0.0034950547851622105
0.0034290088806301355,0.0033632321283221245
0.0034474944695830345,0.003492833347991109
0.0034258763771504164,0.003364854957908392
0.0034510742407292128,0.0035001570358872414
0.003432747907936573,0.0033769409637898207
0.0034509492106735706,0.003502648789435625
0.0034297709353268147,0.003380166832357645
0.003445930080488324,0.003500414313748479
0.003429137635976076,0.003381583373993635
0.003448484232649207,0.003502934705466032
0.0034288917668163776,0.0033787854481488466
0.003446518909186125,0.0034979605115950108
0.0034256004728376865,0.003370776306837797
0.0034462837502360344,0.003493240335956216
0.003426099894568324,0.003366284305229783
0.003447933355346322,0.0034911902621388435
0.0034235725179314613,0.0033596728462725878
0.003444440895691514,0.0034850158262997866
0.0034202306997030973,0.0033533249516040087
0.003444080473855138,0.003482463303953409
0.003420131513848901,0.0033507298212498426
0.003443452063947916,0.00348026305437088
0.0034177021589130163,0.0033468487672507763
0.0034415656700730324,0.0034767864271998405
0.0034176029730588198,0.003344771219417453
0.0034423545002937317,0.0034753000363707542
0.0034163284581154585,0.0033410941250622272
0.0034401812590658665,0.003470607567578554
0.0034144881647080183,0.0033365876879543066
0.0034415125846862793,0.003468344919383526
0.003417171537876129,0.003336068242788315
0.0034451924730092287,0.003466328838840127
0.003423037938773632,0.0033395576756447554
0.003453314770013094,0.0034667232539504766
0.0034351220820099115,0.003355586202815175
0.0034563213121145964,0.003462990513071418
0.0034282642882317305,0.003365174401551485
0.003427628194913268,0.0034309502225369215
0.0034036063589155674,0.0033565228804945946
0.003412063932046294,0.0034083081409335136
0.0034022992476820946,0.003362793242558837
0.0034051144029945135,0.003395926905795932
0.003386709839105606,0.0033489062916487455
0.003391746897250414,0.003383131232112646
0.0033920747227966785,0.0033450995106250048
0.003415403189137578,0.003409902099519968
0.003409669967368245,0.0033526516053825617
0.0034241597168147564,0.0034290365874767303
0.0034070478286594152,0.003339086426422
0.003431143704801798,0.003444614354521036
0.003417235566303134,0.003335469402372837
0.0034474332351237535,0.003466643625870347
0.00341543136164546,0.0033311378210783005
0.0034389446955174208,0.0034657095093280077
0.003412683494389057,0.0033372363541275263
0.003449144773185253,0.003482832806184888
0.0034350790083408356,0.003375045955181122
0.0034620193764567375,0.003507977118715644
0.003438028274103999,0.003400894347578287
0.003437487408518791,0.0034991067368537188
0.003410004312172532,0.0033858888782560825
0.0034230139572173357,0.0034869317896664143
0.003421406727284193,0.0033852134365588427
0.0034559976775199175,0.0035062197130173445
0.003434922080487013,0.0033779782243072987
0.0034449792001396418,0.003481028601527214
0.0034115593880414963,0.003344120690599084
0.003436401952058077,0.003465895541012287
0.0034140581265091896,0.003339855233207345
0.003440988017246127,0.0034696189686656
0.003406511154025793,0.0033313315361738205
0.003429642878472805,0.0034585224930197
0.003405643394216895,0.003330002538859844
0.0034359758719801903,0.003464112291112542
0.0034112094435840845,0.0033372854813933372
0.003436559345573187,0.003468360286206007
0.0034111689310520887,0.00334136001765728
0.0034354960080236197,0.0034725128207355738
0.00341447233222425,0.0033522825688123703
0.0034403526224195957,0.003483582055196166
0.0034221517853438854,0.0033711534924805164
0.0034402611199766397,0.0034909178502857685
0.0034196237102150917,0.0033805137500166893
0.0034317942336201668,0.003486823057755828
0.0034156739711761475,0.003379361005499959
0.0034342019353061914,0.003487507812678814
0.0034175440669059753,0.003372865729033947
0.0034369921777397394,0.003483106615021825
0.0034143468365073204,0.0033596812281757593
0.003435632912442088,0.0034739752300083637
0.003412302117794752,0.0033503305166959763
0.0034346776083111763,0.0034683728590607643
0.0034089379478245974,0.003342977026477456
0.0034321292769163847,0.0034645157866179943
0.0034063905477523804,0.0033389469608664513
0.0034305346198379993,0.0034631057642400265
0.0034056222066283226,0.0033389388117939234
0.0034306752495467663,0.0034645467530936003
0.0034071248956024647,0.0033423469867557287
0.003431227756664157,0.0034668967127799988
0.0034090697299689054,0.00334809347987175
0.003431915771216154,0.003470255061984062
0.003411057870835066,0.0033554553519934416
0.0034313234500586987,0.003474315395578742
0.003410625271499157,0.0033614609856158495
0.0034296053927391768,0.0034766325261443853
0.003410888137295842,0.0033664980437606573
0.0034286286681890488,0.0034768853802233934
0.0034095807932317257,0.00336591899394989
0.003427398158237338,0.00347413239069283
0.003408952848985791,0.0033617375884205103
0.0034293269272893667,0.003472432494163513
0.0034076832234859467,0.0033550874795764685
0.00342742376960814,0.0034665316343307495
0.003404787974432111,0.003347285557538271
0.003427335526794195,0.003462770488113165
0.0034041726030409336,0.0033427434973418713
0.0034264069981873035,0.0034592694137245417
0.0034016661811619997,0.003337918082252145
0.0034249250311404467,0.0034562074579298496
0.0034009211231023073,0.003335069864988327
0.003424491500481963,0.0034543322399258614
0.003399202134460211,0.0033316253684461117
0.003423139685764909,0.0034514116123318672
0.003398470813408494,0.0033290551509708166
0.00342300976626575,0.0034492069389671087
0.0033976160921156406,0.0033262399956583977
0.003422228852286935,0.003446008078753948
0.0033972563687711954,0.0033230434637516737
0.0034234067425131798,0.0034436124842613935
0.0033987723290920258,0.003321024589240551
0.003426637966185808,0.003441697685047984
0.003405769355595112,0.0033254767768085003
0.0034362482838332653,0.0034446343779563904
0.0034180949442088604,0.0033418131060898304
0.0034369288478046656,0.0034400129225105047
0.0034099542535841465,0.003349191974848509
0.003411638317629695,0.0034112115390598774
0.00339211686514318,0.0033481477294117212
0.00340099330060184,0.0033934058155864477
0.0033856539521366358,0.003355310996994376
0.0033769640140235424,0.003367455443367362
0.0033525198232382536,0.003327236045151949
0.003360683796927333,0.00335116614587605
0.0033717623446136713,0.0033354642800986767
0.00339752109721303,0.0033875543158501387
0.0033877629321068525,0.0033427500165998936
0.003394906409084797,0.0033939655404537916
0.0033828828018158674,0.0033272686414420605
0.003407218959182501,0.0034093016292899847
0.0033995015546679497,0.0033282488584518433
0.0034238516818732023,0.0034278775565326214
0.003400126937776804,0.0033203018829226494
0.003422631649300456,0.0034368240740150213
0.0033956754487007856,0.003317881841212511
0.0034260761458426714,0.003451893338933587
0.0033946277108043432,0.003326031379401684
0.003428690368309617,0.003458837978541851
0.0034163042437285185,0.0033638030290603638
0.0034407710190862417,0.003480162238702178
0.0034212444443255663,0.003390626050531864
0.003422558307647705,0.00347754149697721
0.0033932672813534737,0.003372316947206855
0.003407412674278021,0.00346399680711329
0.003404855029657483,0.0033709388226270676
0.0034366159234195948,0.0034791927319020033
0.0034118895418941975,0.0033576840069144964
0.0034251504112035036,0.0034549664705991745
0.003395001869648695,0.0033316761255264282
0.0034214239567518234,0.0034449761733412743
0.0033987893257290125,0.0033310516737401485
0.003423508256673813,0.003445803187787533
0.0033923147711902857,0.0033223836217075586
0.003413347527384758,0.0034376317635178566
0.0033846679143607616,0.0033153172116726637
0.0034158765338361263,0.0034431356471031904
0.003397078486159444,0.0033322451636195183
0.0034253718331456184,0.0034548044204711914
0.0034016501158475876,0.003344104625284672
0.0034198786597698927,0.003455154597759247
0.003402234287932515,0.003354206681251526
0.0034247073344886303,0.0034681197721511126
0.003403945593163371,0.0033662812784314156
0.003414897248148918,0.0034644301049411297
0.003394248429685831,0.003361345734447241
0.0034135584719479084,0.0034605227410793304
0.0034027101937681437,0.0033624644856899977
0.0034247052390128374,0.003463284345343709
0.0034000021405518055,0.003349996404722333
0.0034171370789408684,0.0034494148567318916
0.0033927529584616423,0.0033365157432854176
0.0034164132084697485,0.0034453910775482655
0.003393144579604268,0.0033324663527309895
0.0034171503502875566,0.0034445736091583967
0.0033895778469741344,0.00332671869546175
0.003412461606785655,0.0034388976637274027
0.003389437682926655,0.0033275168389081955
0.0034156618639826775,0.0034427850041538477
0.0033933615777641535,0.0033336393535137177
0.0034151519648730755,0.0034453850239515305
0.0033899222034960985,0.0033337015192955732
0.0034126010723412037,0.0034459035377949476
0.0033936745021492243,0.003342198673635721
0.0034163694363087416,0.003452243749052286
0.0033950787037611008,0.003349738661199808
0.003411878366023302,0.003451567841693759
0.003392657497897744,0.003351548919454217
0.0034121477510780096,0.0034532223362475634
0.0033935660030692816,0.003352515632286668
0.003411585232242942,0.0034511296544224024
0.0033906330354511738,0.0033465074375271797
0.003410334000363946,0.0034466509241610765
0.0033900875132530928,0.003341236850246787
0.0034118362236768007,0.003444366157054901
0.00338934944011271,0.0033360635861754417
0.003410703269764781,0.003440002677962184
0.003386823693290353,0.003330082865431905
0.0034088012762367725,0.003435765625908971
0.0033852916676551104,0.0033260625787079334
0.003408814547583461,0.003434491576626897
0.0033843156415969133,0.0033232057467103004
0.0034074457362294197,0.0034320950508117676
0.0033826904837042093,0.0033201277256011963
0.003406700911000371,0.00342967314645648
0.003382897935807705,0.0033185805659741163
0.0034067602828145027,0.003427752759307623
0.0033813011832535267,0.00331514747813344
0.0034052692353725433,0.0034246230497956276
0.00338055775500834,0.0033119553700089455
0.0034061723854392767,0.003422836074605584
0.00338148046284914,0.0033095066901296377
0.003407994983717799,0.003420603461563587
0.003385134506970644,0.003309279680252075
0.003414908889681101,0.0034220335073769093
0.0033972510136663914,0.0033204304054379463
0.003424328286200762,0.0034263336565345526
0.0034027332440018654,0.003335103392601013
0.0034098613541573286,0.0034096732269972563
0.0033842569682747126,0.0033335250336676836
0.003391641890630126,0.0033866751473397017
0.0033811379689723253,0.0033469446934759617
0.003379680449143052,0.0033711474388837814
0.003343517193570733,0.00332262204028666
0.0033312176819890738,0.0033255326561629772
0.0033338796347379684,0.0033068256452679634
0.003370491089299321,0.0033593170810490847
0.0033776292111724615,0.003336465684697032
0.00338371517136693,0.0033776890486478806
0.0033641408663243055,0.0033166573848575354
0.0033821938559412956,0.003381819697096944
0.0033785647246986628,0.0033176003489643335
0.003401774913072586,0.00339960097335279
0.0033828120213001966,0.0033110338263213634
0.003400547429919243,0.003400095272809267
0.003379779402166605,0.0033034575171768665
0.003407067619264126,0.0034163023810833693
0.0033839659299701452,0.003310219617560506
0.0034116210881620646,0.0034312596544623375
0.0033714035525918007,0.0033048242330551147
0.0034007199574261904,0.003422859823331237
0.0033909985795617104,0.0033361008390784264
0.003424139926210046,0.0034519850742071867
0.003408558666706085,0.003373424056917429
0.003418099833652377,0.0034621029626578093
0.0033851691987365484,0.0033664368093013763
0.0033886730670928955,0.0034403183963149786
0.003381128190085292,0.003359568305313587
0.0034122203942388296,0.0034556412138044834
0.0033969609066843987,0.003355465130880475
0.003412389662116766,0.0034426015336066484
0.0033799682278186083,0.0033257794566452503
0.0034049125388264656,0.0034261189866811037
0.003385859541594982,0.003324412740767002
0.0034096890594810247,0.00342571665532887
0.0033789777662605047,0.003315296024084091
0.003398696193471551,0.003417343134060502
0.003371336031705141,0.0033069520723074675
0.0033993178512901068,0.0034218812361359596
0.0033754706382751465,0.003315749578177929
0.0034044901840388775,0.0034292940981686115
0.0033854227513074875,0.00333114224486053
0.0034071209374815226,0.0034353886730968952
0.0033868649043142796,0.0033421015832573175
0.0034065027721226215,0.0034417121205478907
0.0033891769126057625,0.0033545373007655144
0.0034030054230242968,0.0034457743167877197
0.003379082540050149,0.003350086510181427
0.0033937781117856503,0.0034364163875579834
0.003381684422492981,0.0033477258402854204
0.0034071365371346474,0.0034418802242726088
0.0033854960929602385,0.0033416824880987406
0.00340204406529665,0.0034292726777493954
0.0033787041902542114,0.0033285091631114483
0.003402100410312414,0.003425199305638671
0.003379085101187229,0.0033238232135772705
0.0034003006294369698,0.003422836773097515
0.0033723334781825542,0.0033149118535220623
0.0033962673041969538,0.003418606473132968
0.0033731525763869286,0.0033154767006635666
0.0033986365888267756,0.0034206470008939505
0.003376247826963663,0.003320980817079544
0.003399491310119629,0.003423081012442708
0.0033768301364034414,0.003324503544718027
0.0033981590531766415,0.0034245222341269255
0.003376377746462822,0.0033285890240222216
0.003398275701329112,0.003427895251661539
0.0033778988290578127,0.0033353487960994244
0.003396817483007908,0.0034300999250262976
0.003376172622665763,0.0033382896799594164
0.003394927829504013,0.003429657779633999
0.003377217799425125,0.0033405141439288855
0.003396648680791259,0.0034302298445254564
0.0033762508537620306,0.003337134374305606
0.003394522937014699,0.003425584640353918
0.0033740466460585594,0.0033307357225567102
0.003395314794033766,0.0034232749603688717
0.003373117418959737,0.0033252867870032787
0.003394285449758172,0.003419291228055954
0.0033709013368934393,0.0033195565920323133
0.0033934353850781918,0.0034155589528381824
0.0033706335816532373,0.0033163961488753557
0.0033933776430785656,0.003413521684706211
0.003369223326444626,0.003312863875180483
0.003392004407942295,0.0034111621789634228
0.003367519238963723,0.0033091865479946136
0.003390974598005414,0.0034087998792529106
0.0033664251677691936,0.0033060824498534203
0.003390652360394597,0.003406427102163434
0.0033660733606666327,0.0033031266648322344
0.003390454687178135,0.003403757233172655
0.00336582213640213,0.0032998286187648773
0.003391680307686329,0.003401798428967595
0.003368530422449112,0.00329835107550025
0.003396465443074703,0.0034024345222860575
0.00337604689411819,0.003301858203485608
0.0034060042817145586,0.0034074638970196247
0.003388738026842475,0.0033166154753416777
0.00340700289234519,0.003406377276405692
0.0033803412225097418,0.0033215784933418036
0.0033842341508716345,0.0033822315745055676
0.0033705581445246935,0.0033277301117777824
0.003382716793566942,0.0033754673786461353
0.003356639761477709,0.0033310342114418745
0.0033314628526568413,0.003328122431412339
0.0033018901012837887,0.0032814478036016226
0.0033241352066397667,0.003318451577797532
0.0033523961901664734,0.0033157491125166416
0.0033794217742979527,0.0033692368306219578
0.0033566653728485107,0.003312777727842331
0.0033610104583203793,0.003359295427799225
0.003356530098244548,0.0033030498307198286
0.0033822180703282356,0.0033792725298553705
0.003369152545928955,0.0033051727805286646
0.003385718446224928,0.0033800103701651096
0.0033641415648162365,0.003292379667982459
0.0033809719607234,0.0033769963774830103
0.003364701522514224,0.0032924218103289604
0.0033981178421527147,0.003403316717594862
0.0033735642209649086,0.0033018782269209623
0.003392259357497096,0.003406268311664462
0.003347399178892374,0.003281921613961458
0.0033781754318624735,0.003392498940229416
0.003371892496943474,0.00331242848187685
0.0034069381654262543,0.0034231829922646284
0.0033830099273473024,0.0033398359082639217
0.0034028070513159037,0.0034328566398471594
0.0033826231956481934,0.003358508925884962
0.003392611164599657,0.003435032209381461
0.0033709662966430187,0.0033575682900846004
0.0033809354063123465,0.003425162984058261
0.003368251956999302,0.0033434780780225992
0.0033948987256735563,0.003429003292694688
0.0033737432677298784,0.003331637941300869
0.0033969348296523094,0.0034185925032943487
0.00337262568064034,0.003319850889965892
0.003392270067706704,0.003404692281037569
0.003365220269188285,0.003307608189061284
0.003386366879567504,0.003399585373699665
0.0033630123361945152,0.0033040919806808233
0.0033897506073117256,0.003406828036531806
0.0033584292978048325,0.0033028044272214174
0.0033805358689278364,0.0034008135553449392
0.0033632267732173204,0.0033117812126874924
0.0033943390008062124,0.003416242776438594
0.0033747642301023006,0.003330269129946828
0.0033916914835572243,0.00341875315643847
0.0033717858605086803,0.0033383818808943033
0.003389206249266863,0.0034236409701406956
0.003371040103957057,0.0033444168511778116
0.0033837847877293825,0.003421083325520158
0.0033632442355155945,0.003335467539727688
0.003384397830814123,0.0034174269530922174
0.003367130644619465,0.0033309997525066137
0.003388894721865654,0.003413907717913389
0.0033677928149700165,0.003324346151202917
0.0033888702746480703,0.0034079658798873425
0.003365227486938238,0.0033159523736685514
0.0033853102941066027,0.003402670845389366
0.003359605558216572,0.003307367442175746
0.003383729374036193,0.0034013264812529087
0.0033593950793147087,0.003306182799860835
0.0033828020095825195,0.0034008158836513758
0.0033578346483409405,0.0033061110880225897
0.0033820103853940964,0.003400622634217143
0.0033622102346271276,0.00331251323223114
0.0033864551223814487,0.003405720228329301
0.0033628465607762337,0.0033169197849929333
0.0033822092227637768,0.003404367482289672
0.003362070769071579,0.0033209596294909716
0.0033835687208920717,0.0034094590228050947
0.003362464252859354,0.0033259582705795765
0.0033805184066295624,0.0034091982524842024
0.0033600013703107834,0.003326541045680642
0.003379973117262125,0.0034088147804141045
0.0033620488829910755,0.003328051185235381
0.0033813875634223223,0.0034082364290952682
0.003361209062859416,0.0033241896890103817
0.003380663925781846,0.003405047580599785
0.003359004855155945,0.0033176529686897993
0.003379523055627942,0.0034012042451649904
0.0033569198567420244,0.0033117937855422497
0.003379243426024914,0.0033983318135142326
0.0033561259042471647,0.0033076454419642687
0.003378208726644516,0.0033950423821806908
0.003354703774675727,0.0033037837129086256
0.003377996850758791,0.003392919898033142
0.003354796441271901,0.0033015678636729717
0.0033776925411075354,0.003391013480722904
0.0033527063205838203,0.003297259798273444
0.003375797299668193,0.003387634176760912
0.0033516590483486652,0.0032933566253632307
0.0033764797262847424,0.0033862441778182983
0.0033515829127281904,0.0032898318022489548
0.0033770406153053045,0.0033838371746242046
0.0033538031857460737,0.0032875307369977236
0.0033820653334259987,0.003384870709851384
0.003362237708643079,0.003291203873232007
0.0033927324693650007,0.003391834907233715
0.003375953994691372,0.0033051061909645796
0.0033953040838241577,0.0033937464468181133
0.003368463134393096,0.0033089290373027325
0.0033722184598445892,0.0033711669966578484
0.0033587913494557142,0.003313975175842643
0.003374392632395029,0.0033690249547362328
0.003349279286339879,0.003321705386042595
0.0033203165512531996,0.003319953568279743
0.0032837162725627422,0.0032631787471473217
0.0033044549636542797,0.003302163677290082
0.0033374917693436146,0.003300126176327467
0.003368771867826581,0.0033592020627111197
0.0033442312851548195,0.0032995764631778
0.0033469414338469505,0.003345428267493844
0.0033438769169151783,0.0032916301861405373
0.00336893810890615,0.0033659820910543203
0.003354431362822652,0.0032937456853687763
0.0033704815432429314,0.0033634421415627003
0.003351067891344428,0.0032820438500493765
0.003364936914294958,0.00335535011254251
0.003345703473314643,0.0032771406695246696
0.00337379053235054,0.003370535559952259
0.003364868927747011,0.003293517744168639
0.0033903238363564014,0.0033947729971259832
0.0033412324264645576,0.0032733180560171604
0.0033579287119209766,0.0033683418296277523
0.0033413709606975317,0.0032750742975622416
0.00338154099881649,0.0033872739877551794
0.0033531510271131992,0.0032937778159976006
0.0033756245393306017,0.0033860637340694666
0.003359104273840785,0.0033116708509624004
0.003394079627469182,0.003412144724279642
0.0033741560764610767,0.003344709984958172
0.003386848606169224,0.003418207634240389
0.0033645103685557842,0.003352218307554722
0.0033672552090138197,0.003408889751881361
0.0033433951903134584,0.0033301806543022394
0.003367125289514661,0.00340388179756701
0.0033624451607465744,0.003334008390083909
0.0033944090828299522,0.003415914485231042
0.003365339944139123,0.0033219088800251484
0.0033723562955856323,0.0033842413686215878
0.0033483924344182014,0.0032978723756968975
0.0033783805556595325,0.0033878295216709375
0.003355682361871004,0.0033016365487128496
0.0033755081240087748,0.003388597397133708
0.0033424359280616045,0.003292057430371642
0.0033663141075521708,0.0033817514777183533
0.003192116739228368,0.003223131876438856
0.0028827206697314978,0.0029344409704208374
0.0028830503579229116,0.0029091148171573877
0.003109439741820097,0.003090441459789872
0.0031483981292694807,0.0031233131885528564
0.0029629713390022516,0.0029707730282098055
0.0028242606204003096,0.0028748693875968456
0.0029347005765885115,0.0029870762955397367
0.003039079485461116,0.0030839829705655575
0.0029752738773822784,0.003022575518116355
0.0028440936002880335,0.002894423436373472
0.0028533118311315775,0.0028845034539699554
0.002947057131677866,0.00295450771227479
0.0029449835419654846,0.0029544872231781483
0.0028564792592078447,0.002891102572903037
0.0028303482104092836,0.0028846128843724728
0.00288963015191257,0.0029451821465045214
0.0029094472993165255,0.0029634253587573767
0.0028591561131179333,0.002912342082709074
0.002824267605319619,0.002870014635846019
0.0028567153494805098,0.002885630587115884
0.002880719257518649,0.0029029014986008406
0.0028526370879262686,0.0028853972908109426
0.0028239001985639334,0.002872512210160494
0.002840637695044279,0.00289546069689095
0.0028601607773452997,0.0029153567738831043
0.0028458868619054556,0.002900012070313096
0.00282435049302876,0.0028739976696670055
0.0028315018862485886,0.0028712074272334576
0.002846393035724759,0.0028793783858418465
0.002839021384716034,0.002875736216083169
0.002824131865054369,0.002870382508262992
0.002827464835718274,0.0028799711726605892
0.002837474923580885,0.0028916692826896906
0.0028337324038147926,0.0028873116243630648
0.0028238568920642138,0.0028742903377860785
0.002825054107233882,0.0028695391956716776
0.002831739606335759,0.0028718160465359688
0.0028297032695263624,0.002871154109016061
0.002823199611157179,0.0028699361719191074
0.0028238329105079174,0.0028748929034918547
0.002828137716278434,0.002880834275856614
0.00282690511085093,0.0028791918884962797
0.002822679467499256,0.0028726099990308285
0.002822957467287779,0.0028690993785858154
0.0028257523663342,0.002869290066882968
0.0028249495662748814,0.002869316376745701
0.002822189824655652,0.0028697734232991934
0.0028223921544849873,0.0028728547040373087
0.0028241549152880907,0.002875843783840537
0.0028235954232513905,0.002874894766137004
0.002821823349222541,0.002871299860998988
0.002821959089487791,0.0028688982129096985
0.002823061076924205,0.0028684353455901146
0.0028226280119270086,0.002868587849661708
0.0028214917983859777,0.002869520103558898
0.00282162893563509,0.002871624194085598
0.0028222911059856415,0.0028732079081237316
0.0028219434898346663,0.0028725576121360064
0.0028212214820086956,0.0028704949654638767
0.0028213374316692352,0.0028688907623291016
0.002821734407916665,0.002868293784558773
0.0028214517515152693,0.002868358977138996
0.002820981666445732,0.0028691503684967756
0.0028210848104208708,0.0028705173172056675
0.0028213143814355135,0.0028713822830468416
0.0028210848104208708,0.0028709727339446545
0.0028207760769873857,0.002869797172024846
0.0028208536095917225,0.002868823241442442
0.002820976311340928,0.002868394134566188
0.002820791443809867,0.002868448384106159
0.0028205877169966698,0.002869007410481572
0.0028206424321979284,0.0028697948437184095
0.002820700639858842,0.002870188793167472
0.002820552559569478,0.0028698532842099667
0.002820413326844573,0.002869132673367858
0.0028204445261508226,0.002868553390726447
0.0028204629197716713,0.002868311246857047
0.0028203437104821205,0.002868416951969266
0.0028202447574585676,0.002868815790861845
0.0028202603571116924,0.0028692756313830614
0.0028202522080391645,0.0028694209177047014
0.002820153720676899,0.0028691207990050316
0.002820081077516079,0.002868626033887267
0.002820082940161228,0.0028682376723736525
0.0028200610540807247,0.002868094714358449
0.0028199786320328712,0.00286821648478508
0.0028199213556945324,0.002868511714041233
0.0028199120424687862,0.0028687857557088137
0.002819881308823824,0.002868818584829569
0.0028198109939694405,0.0028685727156698704
0.0028197632636874914,0.0028682195115834475
0.0028197448700666428,0.0028679536189883947
0.002819709712639451,0.002867872593924403
0.0028196508064866066,0.002867970382794738
0.002819605404511094,0.0028681685216724873
0.0028195828199386597,0.002868316136300564
0.002819543704390526,0.0028682835400104523
0.0028194922488182783,0.0028680998366326094
0.0028194531332701445,0.0028678488451987505
0.0028194242622703314,0.0028676725924015045
0.002819384913891554,0.002867624396458268
0.002819337882101536,0.002867693779990077
0.0028192985337227583,0.0028678064700216055
0.0028192654717713594,0.0028678635135293007
0.002819226821884513,0.002867809496819973
0.002819181652739644,0.0028676604852080345
0.002819144632667303,0.002867491217330098
0.0028191106393933296,0.002867375733330846
0.002819070825353265,0.0028673489578068256
0.002819028915837407,0.002867385046556592
0.002818992594256997,0.002867442322894931
0.002818956971168518,0.002867454895749688
0.002818919252604246,0.0028673952911049128
0.0028188787400722504,0.002867267932742834
0.0028188421856611967,0.002867139410227537
0.0028188058640807867,0.002867053961381316
0.002818767447024584,0.0028670334722846746
0.0028187274001538754,0.002867053495720029
0.0028186903800815344,0.0028670744504779577
0.0028186531271785498,0.0028670644387602806
0.0028186175040900707,0.0028670018073171377
0.0028185765258967876,0.002866904716938734
0.0028185397386550903,0.002866803901270032
0.0028185027185827494,0.002866730559617281
0.002818466629832983,0.0028667019214481115
0.00281842821277678,0.0028667044825851917
0.0028183909598737955,0.0028667079750448465
0.00281835556961596,0.0028666816651821136
0.002818318782374263,0.0028666225261986256
0.00281828036531806,0.0028665405698120594
0.002818243345245719,0.002866462105885148
0.0028182079549878836,0.0028664071578532457
0.0028181704692542553,0.0028663789853453636
0.0028181320521980524,0.002866363851353526
0.0028180961962789297,0.002866348484531045
0.0028180591762065887,0.002866312861442566
0.0028180228546261787,0.002866256982088089
0.002817986300215125,0.0028661899268627167
0.0028179502114653587,0.0028661235701292753
0.0028179138898849487,0.002866071416065097
0.0028178768698126078,0.002866041846573353
0.0028178405482321978,0.002866020193323493
0.0028178037609905005,0.002865998074412346
0.002817767206579447,0.0028659545350819826
0.002817732049152255,0.0028659021481871605
0.002817695727571845,0.0028658423107117414
0.002817658707499504,0.002865787595510483
0.0028176235500723124,0.002865737536922097
0.002817586064338684,0.0028657077345997095
0.002817549742758274,0.0028656809590756893
0.0028175136540085077,0.0028656499926000834
0.0028174768667668104,0.0028656029608100653
0.0028174405451864004,0.002865554066374898
0.0028174046892672777,0.002865502843633294
0.002817369531840086,0.0028654485940933228
0.002817333210259676,0.0028654064517468214
0.002817298751324415,0.002865374553948641
0.002817262429744005,0.0028653466142714024
0.0028172251768410206,0.0028653107583522797
0.002817188622429967,0.0028652632609009743
0.0028171520680189133,0.002865212270990014
0.0028171157464385033,0.002865160582587123
0.0028170794248580933,0.002865113550797105
0.0028170442674309015,0.0028650735039263964
0.002817008411511779,0.0028650404419749975
0.002816973254084587,0.0028650080785155296
0.002816936932504177,0.0028649726882576942
0.0028169001452624798,0.0028649254236370325
0.0028168659191578627,0.002864877926185727
0.0028168302960693836,0.00286482903175056
0.0028167918790131807,0.0028647826984524727
0.0028167569544166327,0.002864742185920477
0.00281672109849751,0.0028647081926465034
0.002816685475409031,0.0028646730352193117
0.002816650550812483,0.002864632522687316
0.002816614927724004,0.0028645889833569527
0.0028165793046355247,0.002864544978365302
0.0028165432158857584,0.0028644984122365713
0.002816509222611785,0.0028644572012126446
0.0028164719697088003,0.002864418551325798
0.0028164368122816086,0.002864381531253457
0.002816401422023773,0.0028643407858908176
0.002816365798935294,0.002864298177883029
0.0028163304086774588,0.0028642553370445967
0.0028162943199276924,0.0028642122633755207
0.0028162586968392134,0.002864171750843525
0.002816224005073309,0.0028641324024647474
0.002816190244629979,0.002864094218239188
0.0028161536902189255,0.0028640534728765488
0.00281611829996109,0.0028640110976994038
0.002816082676872611,0.0028639703523367643
0.0028160475194454193,0.0028639258816838264
0.002816014224663377,0.0028638869989663363
0.002815979067236185,0.002863846253603697
0.002815944142639637,0.002863808535039425
0.002815907122567296,0.002863768022507429
0.002815872896462679,0.0028637268114835024
0.002815837739035487,0.0028636865317821503
0.0028158037457615137,0.002863646484911442
0.0028157674241811037,0.002863603411242366
0.002815732266753912,0.0028635626658797264
0.0028157003689557314,0.002863523783162236
0.002815664280205965,0.0028634858317673206
0.0028156309854239225,0.002863445319235325
0.0028155960608273745,0.0028634066693484783
0.002815559972077608,0.002863363828510046
0.0028155252803117037,0.0028633233159780502
0.0028154912870377302,0.002863282570615411
0.002815455198287964,0.0028632432222366333
0.0028154216706752777,0.0028632048051804304
0.0028153860475867987,0.002863166155293584
0.0028153504244983196,0.002863124944269657
0.002815315267071128,0.002863082801923156
0.0028152810409665108,0.0028630446176975965
0.0028152470476925373,0.00286300596781075
0.0028152125887572765,0.00286296708509326
0.002815176732838154,0.0028629284352064133
0.0028151427395641804,0.0028628872241824865
0.0028151082806289196,0.0028628488071262836
0.002815073123201728,0.0028628052677959204
0.0028150384314358234,0.0028627675492316484
0.002815003739669919,0.002862729365006089
0.002814968815073371,0.0028626900166273117
0.0028149341233074665,0.0028626504354178905
0.002814899431541562,0.002862611087039113
0.0028148654382675886,0.0028625717386603355
0.002814831444993615,0.002862531691789627
0.002814796520397067,0.002862493274733424
0.0028147632256150246,0.0028624525293707848
0.002814728068187833,0.002862412016838789
0.002814694307744503,0.002862377092242241
0.002814660081639886,0.0028623363468796015
0.002814624924212694,0.0028622974641621113
0.0028145890682935715,0.00286225788295269
0.0028145539108663797,0.0028622173704206944
0.0028145199175924063,0.002862178720533848
0.0028144866228103638,0.0028621400706470013
0.002814451465383172,0.0028621028177440166
0.002814416540786624,0.002862063469365239
0.002814382314682007,0.0028620255179703236
0.002814346691593528,0.0028619873337447643
0.0028143131639808416,0.002861949149519205
0.0028142796363681555,0.0028619086369872093
0.00281424424611032,0.002861869754269719
0.0028142102528363466,0.0028618318028748035
0.0028141760267317295,0.0028617912903428078
0.002814141334965825,0.0028617526404559612
0.0028141075745224953,0.0028617142233997583
0.002814073581248522,0.00286167673766613
0.0028140388894826174,0.002861638553440571
0.002814003499224782,0.0028615975752472878
0.0028139688074588776,0.002861560555174947
0.002813936211168766,0.002861522138118744
0.00281390268355608,0.0028614841867238283
0.002813867758959532,0.0028614467009902
0.002813833300024271,0.002861408516764641
0.0028138000052422285,0.0028613698668777943
0.002813765313476324,0.0028613328468054533
0.002813732484355569,0.002861295361071825
0.002813697326928377,0.002861256478354335
0.002813661005347967,0.0028612155001610518
0.002813630737364292,0.00286118034273386
0.002813597209751606,0.002861143322661519
0.0028135611210018396,0.002861101645976305
0.0028135268948972225,0.0028610650915652514
0.0028134924359619617,0.002861028304323554
0.0028134610038250685,0.002860990120097995
0.002813425613567233,0.0028609519358724356
0.002813392784446478,0.002860913285985589
0.0028133587911725044,0.0028608760330826044
0.002813324797898531,0.002860839245840907
0.0028132915031164885,0.0028608005959540606
0.002813257509842515,0.0028607638087123632
0.002813223749399185,0.002860726322978735
0.002813189523294568,0.002860689302906394
0.00281315459869802,0.002860650885850191
0.002813122235238552,0.0028606147971004248
0.0028130882419645786,0.0028605759143829346
0.0028130540158599615,0.0028605381958186626
0.0028130204882472754,0.0028605007100850344
0.0028129874262958765,0.002860463224351406
0.0028129532001912594,0.0028604241088032722
0.002812919206917286,0.002860389184206724
0.0028128856793045998,0.0028603505343198776
0.00281285191886127,0.0028603135142475367
0.0028128200210630894,0.002860278356820345
0.0028127848636358976,0.0028602376114577055
0.002812750870361924,0.002860198961570859
0.0028127178084105253,0.002860161243006587
0.0028126840479671955,0.0028601251542568207
0.0028126498218625784,0.0028600897639989853
0.0028126160614192486,0.0028600532095879316
0.0028125823009759188,0.002860017353668809
0.0028125483077019453,0.002859980333596468
0.0028125152457505465,0.0028599428478628397
0.002812481950968504,0.0028599053621292114
0.002812448190525174,0.002859868574887514
0.002812415361404419,0.002859830856323242
0.0028123795054852962,0.002859794534742832
0.002812347374856472,0.002859758911654353
0.002812312450259924,0.0028597216587513685
0.002812279388308525,0.0028596839401870966
0.0028122442308813334,0.0028596455231308937
0.002812212100252509,0.0028596085030585527
0.002812177175655961,0.0028595717158168554
0.002812144346535206,0.00285953632555902
0.0028121101204305887,0.002859498141333461
0.00281207705847919,0.0028594627510756254
0.0028120428323745728,0.00285942736081779
0.002812010934576392,0.0028593908064067364
0.0028119762428104877,0.002859351458027959
0.0028119427151978016,0.002859316300600767
0.0028119098860770464,0.0028592778835445642
0.0028118763584643602,0.0028592415619641542
0.002811842830851674,0.0028592052403837442
0.002811810001730919,0.0028591714799404144
0.002811776241287589,0.0028591351583600044
0.0028117436449974775,0.0028590988367795944
0.0028117108158767223,0.0028590604197233915
0.002811677288264036,0.0028590252622962
0.0028116435278207064,0.0028589870780706406
0.002811609534546733,0.002858951687812805
0.0028115767054259777,0.0028589158318936825
0.002811542944982648,0.0028588813729584217
0.002811509883031249,0.0028588443528860807
0.0028114765882492065,0.0028588068671524525
0.0028114430606365204,0.002858770079910755
0.002811409765854478,0.002858735155314207
0.0028113764710724354,0.0028586992993950844
0.0028113429434597492,0.0028586620464920998
0.0028113110456615686,0.002858625492081046
0.0028112775180488825,0.002858588704839349
0.0028112439904361963,0.0028585540130734444
0.002811210695654154,0.0028585174586623907
0.0028111785650253296,0.0028584818355739117
0.002811143873259425,0.0028584450483322144
0.002811112441122532,0.002858412219211459
0.0028110798448324203,0.0028583768289536238
0.0028110456187278032,0.0028583400417119265
0.0028110130224376917,0.002858300693333149
0.002810979960486293,0.00285826507024467
0.0028109466657042503,0.002858230611309409
0.0028109136037528515,0.002858197083696723
0.002810881705954671,0.002858160762116313
0.002810848644003272,0.0028581239748746157
0.002810814417898655,0.0028580855578184128
0.0028107808902859688,0.002858051098883152
0.0028107487596571445,0.00285801338031888
0.0028107145335525274,0.0028579793870449066
0.002810683799907565,0.0028579458594322205
0.002810648875311017,0.0028579107020050287
0.0028106155805289745,0.0028578739147633314
0.0028105825185775757,0.0028578373603522778
0.0028105496894568205,0.0028578024357557297
0.0028105180244892836,0.0028577703051269054
0.00281048403121531,0.0028577297925949097
0.0028104507364332676,0.002857695799320936
0.0028104190714657307,0.0028576573822647333
0.002810383914038539,0.0028576254844665527
0.0028103506192564964,0.00285758962854743
0.0028103177901357412,0.002857556566596031
0.002810283564031124,0.0028575207106769085
0.0028102505020797253,0.002857483923435211
0.00281021767295897,0.0028574459720402956
0.002810186706483364,0.0028574124444276094
0.002810155041515827,0.0028573786839842796
0.0028101205825805664,0.002857345389202237
0.002810087986290455,0.00285730860196054
0.002810054924339056,0.0028572732117027044
0.002810022095218301,0.00285723595879972
0.0028099881019443274,0.0028572003357112408
0.0028099557384848595,0.0028571647126227617
0.002809923142194748,0.0028571325819939375
0.0028098896145820618,0.002857096027582884
0.0028098570182919502,0.0028570592403411865
0.0028098237235099077,0.002857025247067213
0.0028097908943891525,0.002856990322470665
0.0028097580652683973,0.002856955863535404
0.002809724071994424,0.0028569207061082125
0.002809693105518818,0.002856886712834239
0.0028096595779061317,0.002856848994269967
0.00280962698161602,0.002856816630810499
0.0028095946181565523,0.002856783103197813
0.002809561789035797,0.0028567479457706213
0.002809528959915042,0.002856711158528924
0.002809497993439436,0.0028566753026098013
0.0028094633016735315,0.0028566401451826096
0.0028094302397221327,0.002856604056432843
0.0028093974106013775,0.0028565707616508007
0.0028093650471419096,0.002856537699699402
0.0028093350119888783,0.0028565048705786467
0.002809301018714905,0.0028564673848450184
0.0028092681895941496,0.0028564322274178267
0.002809235593304038,0.0028563973028212786
0.0028092050924897194,0.0028563630767166615
0.002809171099215746,0.002856326522305608
0.0028091392014175653,0.0028562929946929216
0.0028091061394661665,0.0028562587685883045
0.0028090733103454113,0.0028562240768224
0.0028090414125472307,0.0028561889193952084
0.002809008816257119,0.0028561537619680166
0.0028089764527976513,0.0028561176732182503
0.002808942459523678,0.002856084145605564
0.0028089105617254972,0.0028560494538396597
0.002808877732604742,0.0028560173232108355
0.0028088444378226995,0.0028559837955981493
0.0028088123071938753,0.0028559493366628885
0.002808780875056982,0.002855913946405053
0.0028087489772588015,0.002855877159163356
0.002808714983984828,0.002855841536074877
0.0028086828533560038,0.0028558080084621906
0.002808649791404605,0.002855774713680148
0.002808616729453206,0.002855741884559393
0.002808583900332451,0.002855706727132201
0.002808552235364914,0.0028556729666888714
0.0028085189405828714,0.002855637576431036
0.0028084879741072655,0.002855601953342557
0.002808454679325223,0.0028555679600685835
0.002808421151712537,0.002855532104149461
0.002808388788253069,0.0028554995078593493
0.002808357123285532,0.002855464816093445
0.002808323362842202,0.002855433849617839
0.0028082914650440216,0.002855397993698716
0.0028082591015845537,0.002855360507965088
0.002808227203786373,0.0028553265146911144
0.0028081939090043306,0.002855296479538083
0.0028081603813916445,0.0028552627190947533
0.0028081280179321766,0.0028552275616675615
0.0028080972842872143,0.002855192869901657
0.002808063058182597,0.002855155151337385
0.0028080306947231293,0.0028551232535392046
0.0028079973999410868,0.002855089493095875
0.0028079652693122625,0.0028550552669912577
0.0028079336043447256,0.002855021273717284
0.0028079012408852577,0.0028549882117658854
0.002807867480441928,0.0028549537528306246
0.0028078353498131037,0.0028549188282340765
0.0028078025206923485,0.00285488273948431
0.0028077696915715933,0.0028548496775329113
0.0028077380266040564,0.002854816848412156
0.0028077056631445885,0.0028547814581543207
0.0028076735325157642,0.0028547474648803473
0.0028076409362256527,0.002854713471606374
0.0028076092712581158,0.002854679711163044
0.0028075759764760733,0.0028546468820422888
0.0028075426816940308,0.0028546135872602463
0.002807511016726494,0.002854580758139491
0.0028074791189283133,0.0028545456007122993
0.0028074460569769144,0.0028545111417770386
0.0028074143920093775,0.002854475285857916
0.002807381097227335,0.002854438964277506
0.0028073505964130163,0.0028544084634631872
0.0028073180001229048,0.00285437423735857
0.002807285636663437,0.002854342106729746
0.0028072542045265436,0.002854308346286416
0.0028072213754057884,0.0028542731888592243
0.002807189244776964,0.002854239195585251
0.0028071587439626455,0.002854204038158059
0.0028071259148418903,0.0028541695792227983
0.0028070928528904915,0.0028541337233036757
0.0028070604894310236,0.002854101825505495
0.0028070290572941303,0.0028540699277073145
0.0028069959953427315,0.0028540377970784903
0.0028069650288671255,0.0028540033381432295
0.0028069321997463703,0.0028539677150547504
0.002806899370625615,0.0028539353515952826
0.002806867938488722,0.0028539022896438837
0.0028068353421986103,0.0028538655024021864
0.0028068034444004297,0.002853834768757224
0.0028067713137716055,0.0028538003098219633
0.002806738018989563,0.002853764919564128
0.002806705655530095,0.00285373255610466
0.002806674689054489,0.0028536980971693993
0.0028066420927643776,0.0028536629397422075
0.0028066097293049097,0.002853631041944027
0.002806576434522867,0.002853597281500697
0.002806544303894043,0.0028535639867186546
0.0028065135702490807,0.002853529993444681
0.002806480275467038,0.0028534966986626387
0.002806447446346283,0.0028534620068967342
0.0028064148500561714,0.002853429177775979
0.0028063838835805655,0.002853392856195569
0.0028063517529517412,0.00285335979424417
0.002806321019306779,0.002853329060599208
0.0028062884230166674,0.002853294601663947
0.0028062567580491304,0.002853262471035123
0.002806223463267088,0.002853230806067586
0.0028061920311301947,0.002853195648640394
0.0028061592020094395,0.002853160724043846
0.0028061263728886843,0.0028531276620924473
0.00280609424225986,0.0028530946001410484
0.002806062577292323,0.0028530594427138567
0.002806030446663499,0.0028530259151011705
0.002805999480187893,0.0028529935516417027
0.0028059654869139194,0.0028529625851660967
0.002805933356285095,0.0028529285918921232
0.00280590052716434,0.0028528952971100807
0.0028058693278580904,0.00285286083817482
0.002805836033076048,0.002852827310562134
0.0028058039024472237,0.0028527923859655857
0.002805772004649043,0.002852758625522256
0.0028057389426976442,0.002852725563570857
0.002805706113576889,0.0028526941314339638
0.0028056742157787085,0.002852659672498703
0.002805641619488597,0.0028526221867650747
0.0028056101873517036,0.0028525912202894688
0.002805577125400305,0.002852560253813863
0.002805544761940837,0.002852526493370533
0.0028055128641426563,0.002852494129911065
0.002805482130497694,0.0028524601366370916
0.002805449068546295,0.002852425444871187
0.002805417636409402,0.002852391917258501
0.0028053869027644396,0.0028523604851216078
0.0028053538408130407,0.002852329518646002
0.002805321244522929,0.0028522938955575228
0.002805290510877967,0.002852261532098055
0.002805256750434637,0.0028522268403321505
0.002805225783959031,0.0028521930798888206
0.002805194817483425,0.0028521602507680655
0.0028051617555320263,0.0028521281201392412
0.0028051279950886965,0.002852093428373337
0.002805098192766309,0.002852058969438076
0.0028050648979842663,0.0028520270716398954
0.0028050343971699476,0.002851990284398198
0.0028050020337104797,0.0028519604820758104
0.002804970135912299,0.002851928351446986
0.002804938005283475,0.002851896220818162
0.0028049077372998,0.0028518629260361195
0.0028048737440258265,0.0028518291655927896
0.0028048427775502205,0.00285179540514946
0.00280481087975204,0.0028517632745206356
0.0028047780506312847,0.002851728815585375
0.0028047459200024605,0.002851696452125907
0.002804714720696211,0.0028516631573438644
0.0028046821244060993,0.0028516314923763275
0.0028046511579304934,0.0028515970334410667
0.0028046187944710255,0.0028515649028122425
0.0028045864310115576,0.0028515304438769817
0.002804554533213377,0.002851498080417514
0.0028045224025845528,0.002851462922990322
0.0028044891078025103,0.0028514310251921415
0.002804458374157548,0.0028513988945633173
0.0028044257778674364,0.0028513662982732058
0.002804393181577325,0.002851331140846014
0.0028043612837791443,0.0028512957505881786
0.002804329851642251,0.0028512643184512854
0.002804297488182783,0.002851234283298254
0.002804265357553959,0.0028512023855000734
0.002804233692586422,0.0028511683922261
0.002804200630635023,0.0028511330019682646
0.002804168500006199,0.002851101104170084
0.0028041373006999493,0.0028510699048638344
0.002804105868563056,0.0028510375414043665
0.0028040739707648754,0.002851005643606186
0.0028040402103215456,0.0028509723488241434
0.0028040085453540087,0.0028509378898888826
0.00280397804453969,0.0028509022668004036
0.002803945681080222,0.0028508692048490047
0.0028039133176207542,0.0028508384712040424
0.00280388118699193,0.002850807271897793
0.002803848823532462,0.0028507739771157503
0.002803817391395569,0.0028507423121482134
0.002803785027936101,0.0028507073875516653
0.0028037524316459894,0.0028506724629551172
0.002803720999509096,0.002850641030818224
0.0028036886360496283,0.002850608667358756
0.0028036555740982294,0.002850578399375081
0.002803624840453267,0.002850543474778533
0.002803593408316374,0.002850509714335203
0.002803559647873044,0.002850477583706379
0.0028035289142280817,0.0028504477813839912
0.002803496550768614,0.0028504133224487305
0.0028034651186317205,0.002850380726158619
0.0028034329880028963,0.0028503471985459328
0.0028034013230353594,0.00285031134262681
0.0028033703565597534,0.0028502808418124914
0.002803339622914791,0.002850249642506242
0.002803305396810174,0.002850219840183854
0.002803273033350706,0.002850188873708248
0.002803241601213813,0.002850152086466551
0.0028032108675688505,0.002850118326023221
0.002803178271278739,0.002850084565579891
0.0028031461406499147,0.0028500547632575035
0.002803114242851734,0.0028500237967818975
0.002803083509206772,0.0028499902691692114
0.0028030499815940857,0.0028499530162662268
0.0028030211105942726,0.0028499197214841843
0.0028029887471348047,0.0028498866595327854
0.0028029554523527622,0.002849854761734605
0.0028029249515384436,0.002849825657904148
0.002802893752232194,0.0028497937601059675
0.002802860690280795,0.002849758602678776
0.002802829723805189,0.002849724842235446
0.0028027992229908705,0.0028496920131146908
0.0028027663938701153,0.002849660348147154
0.0028027333319187164,0.002849631942808628
0.002802701899781823,0.0028495993465185165
0.00280267046764493,0.00284956325776875
0.0028026383370161057,0.002849530428647995
0.0028026076033711433,0.002849498065188527
0.0028025752399116755,0.0028494643047451973
0.0028025442734360695,0.0028494331054389477
0.0028025114443153143,0.0028494021389633417
0.002802478615194559,0.002849369077011943
0.002802446950227022,0.002849331358447671
0.0028024157509207726,0.002849301090463996
0.0028023843187838793,0.0028492705896496773
0.0028023517224937677,0.002849239157512784
0.002802320057526231,0.002849205629900098
0.0028022872284054756,0.0028491695411503315
0.002802256029099226,0.002849138807505369
0.00280222506262362,0.002849106676876545
0.002802192699164152,0.0028490745462477207
0.002802161732688546,0.002849045442417264
0.0028021272737532854,0.002849013078957796
0.002802096540108323,0.0028489776886999607
0.0028020653408020735,0.002848943928256631
0.0028020329773426056,0.002848910866305232
0.0028020015452057123,0.0028488808311522007
0.0028019684832543135,0.0028488491661846638
0.002801937749609351,0.0028488177340477705
0.0028019058518111706,0.002848783740773797
0.0028018737211823463,0.0028487492818385363
0.0028018413577228785,0.00284871575422585
0.002801809459924698,0.002848684089258313
0.0028017789591103792,0.002848651958629489
0.0028017470613121986,0.0028486219234764576
0.0028017153963446617,0.0028485888615250587
0.002801682334393263,0.0028485560324043036
0.0028016502037644386,0.002848524134606123
0.0028016185387969017,0.0028484880458563566
0.0028015857096761465,0.002848454751074314
0.0028015535790473223,0.002848423318937421
0.0028015226125717163,0.002848393516615033
0.0028014909476041794,0.0028483604546636343
0.002801458118483424,0.00284832832403481
0.0028014259878546,0.002848294796422124
0.0028013961855322123,0.002848262432962656
0.002801363356411457,0.002848229371011257
0.002801331225782633,0.002848198404535651
0.002801300026476383,0.0028481667395681143
0.0028012674301862717,0.0028481357730925083
0.0028012357652187347,0.0028480987530201674
0.002801204565912485,0.0028480677865445614
0.0028011733666062355,0.002848035888746381
0.0028011405374854803,0.002848002826794982
0.0028011095710098743,0.0028479706961661577
0.0028010779060423374,0.002847938099876046
0.002801045309752226,0.002847906667739153
0.0028010159730911255,0.002847875002771616
0.0028009831439703703,0.002847840078175068
0.0028009519446641207,0.0028478072490543127
0.0028009205125272274,0.002847774885594845
0.002800889313220978,0.0028477434534579515
0.002800857648253441,0.0028477120213210583
0.002800825983285904,0.0028476782608777285
0.002800795715302229,0.002847647061571479
0.00280076265335083,0.002847615396603942
0.002800730289891362,0.0028475832659751177
0.0028006972279399633,0.0028475497383624315
0.002800667891278863,0.002847518539056182
0.0028006352949887514,0.002847484778612852
0.0028006029315292835,0.0028474528808146715
0.0028005719650536776,0.0028474198188632727
0.002800540067255497,0.002847390016540885
0.002800507703796029,0.0028473567217588425
0.002800475573167205,0.0028473245911300182
0.0028004443738609552,0.002847292460501194
0.0028004117775708437,0.002847257535904646
0.002800379879772663,0.0028472256381064653
0.002800347749143839,0.002847194904461503
0.0028003156185150146,0.002847161842510104
0.0028002832550555468,0.002847129013389349
0.002800252288579941,0.002847098745405674
0.0028002201579511166,0.0028470640536397696
0.0028001891914755106,0.0028470330871641636
0.0028001570608466864,0.002847001887857914
0.0028001253958791494,0.002846969524398446
0.002800093265250325,0.0028469369281083345
0.0028000616002827883,0.002846904331818223
0.0028000299353152514,0.0028468717355281115
0.0027999989688396454,0.0028468407690525055
0.002799966372549534,0.0028468072414398193
0.0027999349404126406,0.0028467748779803514
0.0027999025769531727,0.0028467446099966764
0.0027998716104775667,0.0028467115480452776
0.002799839247018099,0.0028466808144003153
0.0027998078148812056,0.002846644725650549
0.002799773821607232,0.0028466114308685064
0.002799742855131626,0.0028465811628848314
0.002799711190164089,0.0028465527575463057
0.0027996792923659086,0.0028465199284255505
0.002799648093059659,0.0028464877977967262
0.0027996147982776165,0.0028464491479098797
0.0027995845302939415,0.0028464177157729864
0.00279955193400383,0.002846385119482875
0.0027995214331895113,0.0028463564813137054
0.002799488138407469,0.002846325049176812
0.0027994560077786446,0.0028462910559028387
0.0027994245756417513,0.0028462582267820835
0.0027993940748274326,0.0028462272603064775
0.0027993619441986084,0.0028461955953389406
0.002799329115077853,0.00284616369754076
0.0027992974501103163,0.0028461292386054993
0.002799266017973423,0.0028460973408073187
0.002799234353005886,0.0028460638131946325
0.00279920338653028,0.0028460354078561068
0.0027991714887320995,0.0028460039757192135
0.0027991398237645626,0.0028459690511226654
0.002799107925966382,0.002845937618985772
0.002799078356474638,0.002845905954018235
0.002799045294523239,0.00284587312489748
0.002799013163894415,0.0028458391316235065
0.002798983594402671,0.0028458049055188894
0.002798953093588352,0.0028457746375352144
0.0027989184018224478,0.002845742041245103
0.00279888859950006,0.002845710376277566
0.002798856236040592,0.0028456796426326036
0.0027988238725811243,0.0028456479776650667
0.0027987926732748747,0.0028456125874072313
0.0027987617067992687,0.002845581155270338
0.002798730041831732,0.002845548326149583
0.0027986972127109766,0.0028455182909965515
0.0027986662462353706,0.002845488488674164
0.0027986348140984774,0.002845454728230834
0.0027986024506390095,0.002845419803634286
0.002798571018502116,0.0028453872073441744
0.0027985393535345793,0.002845360664650798
0.002798507222905755,0.0028453278355300426
0.0027984753251075745,0.002845293842256069
0.002798443892970681,0.0028452600818127394
0.0027984126936644316,0.0028452256228774786
0.002798380795866251,0.002845197217538953
0.0027983495965600014,0.002845165552571416
0.002798316301777959,0.0028451322577893734
0.002798286033794284,0.0028451005928218365
0.0027982539031654596,0.0028450696263462305
0.0027982215397059917,0.0028450333047658205
0.0027981905732303858,0.0028450016397982836
0.0027981584426015615,0.0028449699748307467
0.0027981281746178865,0.0028449397068470716
0.002798096975311637,0.0028449075762182474
0.0027980643790215254,0.002844875445589423
0.00279803154990077,0.002844844711944461
0.0027980005834251642,0.0028448121156543493
0.0027979679871350527,0.0028447802178561687
0.002797936787828803,0.0028447448275983334
0.0027979048900306225,0.0028447131626307964
0.0027978727594017982,0.0028446828946471214
0.002797842025756836,0.0028446498326957226
0.002797809662297368,0.0028446160722523928
0.002797777531668544,0.0028445865027606487
0.0027977460995316505,0.002844556700438261
0.0027977132704108953,0.0028445208445191383
0.0027976816054433584,0.0028444884810596704
0.002797650406137109,0.002844456350430846
0.0027976178098469973,0.002844426780939102
0.0027975866105407476,0.0028443920891731977
0.0027975544799119234,0.0028443560004234314
0.002797523746266961,0.0028443264309316874
0.002797490218654275,0.0028442975599318743
0.0027974587865173817,0.00284426542930305
0.002797426888719201,0.0028442309703677893
0.0027973961550742388,0.0028441983740776777
0.0027973633259534836,0.00284416601061821
0.002797332825139165,0.002844136906787753
0.002797301160171628,0.002844105940312147
0.0027972704265266657,0.002844073111191392
0.002797237830236554,0.0028440398164093494
0.002797207096591592,0.0028440081514418125
0.0027971749659627676,0.0028439753223210573
0.002797140972688794,0.0028439455199986696
0.002797110704705119,0.0028439119923859835
0.002797079039737582,0.0028438775334507227
0.0027970485389232635,0.0028438486624509096
0.0027970171067863703,0.0028438179288059473
0.0027969852089881897,0.0028437869623303413
0.002796952612698078,0.0028437504079192877
0.002796920482069254,0.0028437147848308086
0.0027968892827630043,0.0028436833526939154
0.0027968573849648237,0.002843654714524746
0.002796825487166643,0.0028436253778636456
0.0027967949863523245,0.002843588124960661
0.002796763088554144,0.0028435569256544113
0.002796732820570469,0.0028435306157916784
0.0027967009227722883,0.002843499183654785
0.0027966678608208895,0.002843462163582444
0.002796635963022709,0.0028434237465262413
0.002796605695039034,0.0028433960396796465
0.0027965735644102097,0.002843367401510477
0.002796540269628167,0.0028433394618332386
0.002796509535983205,0.0028433026745915413
0.0027964776381850243,0.0028432682156562805
0.0027964459732174873,0.0028432358521968126
0.0027964150067418814,0.002843206049874425
0.002796382177621126,0.0028431746177375317
0.002796350745484233,0.0028431385289877653
0.0027963188476860523,0.0028431075625121593
0.0027962871827185154,0.0028430777601897717
0.002796255284920335,0.002843047957867384
0.0027962231542915106,0.002843011636286974
0.0027961921878159046,0.0028429790399968624
0.0027961607556790113,0.002842947840690613
0.0027961283922195435,0.0028429189696907997
0.0027960960287600756,0.0028428842779248953
0.0027960645966231823,0.002842855406925082
0.0027960329316556454,0.0028428214136511087
0.0027960017323493958,0.0028427906800061464
0.002795969136059284,0.002842756686732173
0.0027959372382611036,0.002842725720256567
0.0027959044091403484,0.002842690795660019
0.002795872511342168,0.0028426602948457003
0.002795841544866562,0.0028426311910152435
0.0027958101127296686,0.00284259719774127
0.0027957784477621317,0.0028425646014511585
0.0027957467827945948,0.0028425322379916906
0.0027957153506577015,0.0028425022028386593
0.002795683452859521,0.002842467976734042
0.002795651787891984,0.002842437010258436
0.002795618958771229,0.0028424072079360485
0.0027955868281424046,0.0028423715848475695
0.002795554930344224,0.0028423380572348833
0.002795523963868618,0.002842309419065714
0.0027954934630542994,0.0028422765899449587
0.002795460168272257,0.0028422425966709852
0.002795429201796651,0.002842211164534092
0.0027953963726758957,0.002842179499566555
0.0027953656390309334,0.0028421496972441673
0.002795333741232753,0.002842117100954056
0.0027953016106039286,0.002842084039002657
0.0027952699456363916,0.0028420500457286835
0.0027952385134994984,0.0028420179150998592
0.0027952068485319614,0.002841985085979104
0.002795174950733781,0.0028419543523341417
0.0027951430529356003,0.0028419210575520992
0.002795112319290638,0.002841892885044217
0.0027950801886618137,0.0028418605215847492
0.0027950492221862078,0.002841827692463994
0.002795017324388027,0.0028417950961738825
0.002794984495267272,0.002841760404407978
0.002794952830299735,0.0028417285066097975
0.002794920699670911,0.0028416963759809732
0.0027948920615017414,0.0028416665736585855
0.002794860163703561,0.0028416316490620375
0.002794827101752162,0.0028416034765541553
0.0027947963681071997,0.0028415732085704803
0.002794763771817088,0.002841536421328783
0.0027947325725108385,0.0028415024280548096
0.002794701373204589,0.0028414689004421234
0.002794671105220914,0.002841440960764885
0.002794637344777584,0.0028414123225957155
0.0027946066111326218,0.0028413794934749603
0.0027945744805037975,0.002841344103217125
0.002794543979689479,0.0028413101099431515
0.0027945106849074364,0.0028412798419594765
0.0027944797184318304,0.002841249341145158
0.002794448286294937,0.0028412193059921265
0.002794416854158044,0.002841184614226222
0.0027943840250372887,0.0028411501552909613
0.002794351428747177,0.0028411205857992172
0.002794319298118353,0.0028410886880010366
0.002794289495795965,0.0028410584200173616
0.002794257365167141,0.002841021865606308
0.0027942252345383167,0.0028409885708242655
0.00279419356957078,0.0028409615624696016
0.0027941607404500246,0.002840927802026272
0.002794131636619568,0.0028408938087522984
0.0027940992731601,0.0028408628422766924
0.0027940678410232067,0.0028408323414623737
0.00279403617605567,0.002840801142156124
0.0027940040454268456,0.0028407659847289324
0.0027939730789512396,0.0028407322242856026
0.0027939395513385534,0.002840702421963215
0.002793907653540373,0.0028406737837940454
0.0027938762214034796,0.002840642351657152
0.002793844323605299,0.0028406057972460985
0.002793812658637762,0.002840574597939849
0.002793781692162156,0.002840545494109392
0.002793750027194619,0.002840515924617648
0.002793717896565795,0.002840479603037238
0.002793686930090189,0.0028404470067471266
0.002793653169646859,0.002840415108948946
0.002793622436001897,0.00284038414247334
0.0027935898397117853,0.002840348519384861
0.0027935579419136047,0.0028403180185705423
0.002793526044115424,0.0028402863536030054
0.0027934941463172436,0.002840257016941905
0.0027934620156884193,0.0028402202297002077
0.002793430583551526,0.0028401874005794525
0.002793398452922702,0.002840157598257065
0.002793367486447096,0.0028401254676282406
0.0027933355886489153,0.0028400912415236235
0.002793303458020091,0.002840059343725443
0.0027932727243751287,0.002840029541403055
0.0027932405937463045,0.002840000670403242
0.0027932082302868366,0.002839966444298625
0.0027931767981499434,0.0028399298898875713
0.0027931449003517628,0.0028399007860571146
0.002793113002553582,0.0028398686554282904
0.0027930811047554016,0.0028398334980010986
0.0027930503711104393,0.0028398060239851475
0.002793017076328397,0.002839771332219243
0.0027929877396672964,0.0028397399000823498
0.0027929553762078285,0.002839708002284169
0.0027929230127483606,0.002839678432792425
0.0027928906492888927,0.0028396451380103827
0.002792860148474574,0.00283960928209126
0.00279282801784575,0.002839579014107585
0.002792796352878213,0.0028395482804626226
0.002792765386402607,0.002839516382664442
0.0027927346527576447,0.002839480759575963
0.002792700659483671,0.002839449094608426
0.002792671322822571,0.002839421620592475
0.002792638959363103,0.0028393880929797888
0.0027926063630729914,0.0028393538668751717
0.0027925753965973854,0.0028393184766173363
0.0027925437316298485,0.0028392875101417303
0.0027925116010010242,0.00283925817348063
0.0027924797032028437,0.002839229302480817
0.002792447805404663,0.0028391957748681307
0.002792415441945195,0.0028391603846102953
0.002792383311316371,0.002839131047949195
0.002792352344840765,0.0028390975203365088
0.002792321378365159,0.002839064924046397
0.00279228831641376,0.0028390302322804928
0.0027922573499381542,0.002839002525433898
0.0027922242879867554,0.0028389717917889357
0.0027921926230192184,0.0028389354702085257
0.0027921609580516815,0.002838904270902276
0.0027921278961002827,0.00283887330442667
0.0027920971624553204,0.0028388414066284895
0.0027920652646571398,0.0028388057835400105
0.002792034763842821,0.0028387748170644045
0.0027920024003833532,0.0028387426864355803
0.0027919691056013107,0.002838713815435767
0.0027919381391257048,0.002838682848960161
0.0027919060084968805,0.0028386481571942568
0.0027918743435293436,0.0028386132325977087
0.0027918415144085884,0.0028385831974446774
0.0027918105479329824,0.0028385540936142206
0.0027917795814573765,0.002838521497324109
0.0027917474508285522,0.0028384854085743427
0.002791714621707797,0.0028384539764374495
0.002791682491078973,0.0028384237084537745
0.002791651990264654,0.0028383906465023756
0.0027916186954826117,0.002838360844179988
0.0027915865648537874,0.00283832848072052
0.002791555831208825,0.0028382944874465466
0.0027915232349187136,0.002838259330019355
0.0027914904057979584,0.0028382265008985996
0.0027914599049836397,0.002838201355189085
0.002791427308693528,0.0028381645679473877
0.0027913956437259912,0.0028381338343024254
0.002791364211589098,0.002838103799149394
0.002791333245113492,0.002838071435689926
0.002791301580145955,0.0028380369767546654
0.002791269449517131,0.0028380006551742554
0.0027912359219044447,0.002837973413988948
0.0027912056539207697,0.002837943146005273
0.0027911746874451637,0.0028379070572555065
0.0027911418583244085,0.002837876556441188
0.0027911108918488026,0.0028378476854413748
0.002791078994050622,0.002837814623489976
0.002791045466437936,0.0028377806302160025
0.0027910140343010426,0.002837745239958167
0.0027909830678254366,0.0028377154376357794
0.002790951170027256,0.0028376870322972536
0.002790918340906501,0.00283765303902328
0.002790887374430895,0.00283761671744287
0.00279085710644722,0.002837585750967264
0.0027908235788345337,0.0028375559486448765
0.0027907926123589277,0.0028375221882015467
0.002790760947391391,0.0028374898247420788
0.0027907302137464285,0.002837456064298749
0.002790698315948248,0.0028374248649924994
0.002790667349472642,0.002837395528331399
0.0027906347531825304,0.0028373608365654945
0.002790602622553706,0.0028373294044286013
0.0027905716560781,0.0028372996021062136
0.0027905392926186323,0.002837264444679022
0.0027905076276510954,0.002837233478203416
0.0027904759626835585,0.002837197622284293
0.002790444530546665,0.002837167354300618
0.0027904112357646227,0.002837137319147587
0.002790380734950304,0.002837107051163912
0.002790349069982767,0.0028370714280754328
0.002790318103507161,0.002837039064615965
0.0027902841102331877,0.002837008098140359
0.0027902524452656507,0.0028369768988341093
0.0027902210131287575,0.002836941508576274
0.002790190512314439,0.0028369103092700243
0.0027901583816856146,0.0028368765488266945
0.0027901255525648594,0.002836846746504307
0.0027900950517505407,0.002836816245689988
0.002790061989799142,0.0028367775958031416
0.0027900307904928923,0.0028367461636662483
0.002789998659864068,0.0028367158956825733
0.002789967693388462,0.0028366874903440475
0.0027899343986064196,0.002836652332916856
0.0027899022679775953,0.002836616476997733
0.0027898710686713457,0.0028365838807076216
0.0027898389380425215,0.002836554776877165
0.0027898065745830536,0.002836526371538639
0.002789773978292942,0.0028364926110953093
0.0027897427789866924,0.002836458617821336
0.002789710881188512,0.002836428117007017
0.002789678517729044,0.0028364001773297787
0.0027896473184227943,0.0028363631572574377
0.0027896154206246138,0.0028363277669996023
0.002789582358673215,0.002836292376741767
0.0027895509265363216,0.0028362637385725975
0.0027895199600607157,0.00283623649738729
0.0027894871309399605,0.002836202271282673
0.0027894550003111362,0.0028361636213958263
0.002789422869682312,0.002836132189258933
0.002789391204714775,0.0028361056465655565
0.00278935837559402,0.002836074447259307
0.0027893269434571266,0.002836038591340184
0.0027892952784895897,0.0028360052965581417
0.0027892638463526964,0.0028359731659293175
0.002789231250062585,0.002835941733792424
0.0027891998179256916,0.0028359105344861746
0.0027891676872968674,0.0028358798008412123
0.0027891371864825487,0.002835848368704319
0.00278910412453115,0.0028358139097690582
0.0027890722267329693,0.002835783874616027
0.0027890398632735014,0.002835748950019479
0.0027890086639672518,0.00283571588806808
0.002788977464661002,0.0028356825932860374
0.002788946032524109,0.0028356530237942934
0.002788914367556572,0.0028356213588267565
0.0027888815384358168,0.0028355878312140703
0.002788849640637636,0.002835555700585246
0.002788816811516881,0.0028355251997709274
0.002788784448057413,0.002835493069142103
0.0027887539472430944,0.002835459541529417
0.002788722515106201,0.002835421822965145
0.0027886901516467333,0.0028353917878121138
0.0027886596508324146,0.0028353631496429443
0.0027886272873729467,0.0028353314846754074
0.002788594923913479,0.002835298655554652
0.002788563258945942,0.0028352667577564716
0.0027885304298251867,0.0028352290391921997
0.0027884982991963625,0.0028351948130875826
0.0027884666342288256,0.002835167571902275
0.0027884352020919323,0.0028351389337331057
0.002788402372971177,0.0028351047076284885
0.0027883723378181458,0.002835067454725504
0.002788340440019965,0.0028350399807095528
0.002788308309391141,0.0028350085485726595
0.0027882754802703857,0.002834975253790617
0.0027882426511496305,0.002834937535226345
0.002788212848827243,0.0028349081985652447
0.0027881800197064877,0.002834876300767064
0.002788148820400238,0.0028348432388156652
0.0027881148271262646,0.00283480784855783
0.0027880838606506586,0.0028347813058644533
0.002788049401715398,0.002834748011082411
0.00278801959939301,0.0028347137849777937
0.002787988167256117,0.0028346769977360964
0.0027879555709660053,0.002834644168615341
0.0027879232075065374,0.0028346185572445393
0.002787890611216426,0.0028345894534140825
0.0027878598775714636,0.002834554761648178
0.0027878268156200647,0.002834517974406481
0.002787795616313815,0.0028344851452857256
0.0027877623215317726,0.002834457904100418
0.002787729725241661,0.0028344248421490192
0.002787698758766055,0.0028343903832137585
0.0027876647654920816,0.002834356389939785
0.002787633566185832,0.0028343279846012592
0.0027876023668795824,0.002834294456988573
0.002787570934742689,0.002834260929375887
0.002787539502605796,0.002834229962900281
0.002787507139146328,0.0028341959696263075
0.002787474077194929,0.0028341617435216904
0.0027874447405338287,0.002834128914400935
0.0027874114457517862,0.002834100043401122
0.0027873795479536057,0.002834068378433585
0.0027873474173247814,0.0028340325225144625
0.002787315985187888,0.0028339975979179144
0.0027872829232364893,0.0028339677955955267
0.0027872519567608833,0.002833937993273139
0.0027872195933014154,0.002833906328305602
0.002787187695503235,0.0028338709380477667
0.002787155332043767,0.0028338353149592876
0.0027871238999068737,0.002833804814144969
0.0027870931662619114,0.0028337803669273853
0.002787060337141156,0.002833744278177619
0.0027870270423591137,0.002833706559613347
0.0027869956102222204,0.00283367489464581
0.002786963013932109,0.0028336457908153534
0.002786931348964572,0.002833613660186529
0.0027868992183357477,0.002833576640114188
0.002786867553368211,0.0028335440438240767
0.0027868354227393866,0.0028335154056549072
0.0027868037577718496,0.0028334851376712322
0.0027867706958204508,0.0028334506787359715
0.0027867411263287067,0.002833413425832987
0.0027867096941918135,0.0028333833906799555
0.00278667570091784,0.0028333524242043495
0.0027866452001035213,0.002833322621881962
0.0027866133023053408,0.0028332876972854137
0.0027865811716765165,0.0028332513757050037
0.002786548575386405,0.0028332204092293978
0.0027865173760801554,0.0028331924695521593
0.002786484779790044,0.002833158243447542
0.002786453813314438,0.002833121456205845
0.0027864216826856136,0.0028330902568995953
0.0027863900177180767,0.0028330604545772076
0.002786356257274747,0.0028330273926258087
0.002786326687783003,0.002832995029166341
0.002786293625831604,0.0028329610358923674
0.002786260796710849,0.002832931000739336
0.002786229131743312,0.0028328963089734316
0.0027861976996064186,0.002832863014191389
0.002786164404824376,0.0028328311163932085
0.002786132739856839,0.002832802478224039
0.0027861015405505896,0.0028327666223049164
0.0027860684785991907,0.002832734491676092
0.0027860370464622974,0.0028327021282166243
0.002786004450172186,0.0028326702304184437
0.002785972086712718,0.0028326374012976885
0.0027859401889145374,0.0028326038736850023
0.0027859085239470005,0.0028325701132416725
0.0027858768589794636,0.002832540776580572
0.0027858454268425703,0.0028325074817985296
0.002785812597721815,0.002832474885508418
0.00278577976860106,0.0028324415907263756
0.0027857476379722357,0.0028324099257588387
0.002785715041682124,0.002832375466823578
0.0027856838423758745,0.0028323435690253973
0.0027856496162712574,0.0028323126025497913
0.0027856193482875824,0.0028322774451225996
0.002785587217658758,0.002832243451848626
0.002785554388538003,0.002832215977832675
0.0027855222579091787,0.002832185011357069
0.0027854901272803545,0.0028321482241153717
0.0027854584623128176,0.0028321128338575363
0.0027854267973452806,0.0028320830315351486
0.002785393502563238,0.002832051832228899
0.0027853618375957012,0.0028320204000920057
0.0027853294741362333,0.0028319829143583775
0.002785296645015478,0.002831952180713415
0.0027852647472172976,0.0028319202829152346
0.0027852330822497606,0.0028318893164396286
0.0027852016501128674,0.0028318529948592186
0.0027851678896695375,0.002831818303093314
0.002785135991871357,0.002831790130585432
0.0027851061895489693,0.0028317600954324007
0.002785073360428214,0.0028317233081907034
0.0027850407641381025,0.0028316909447312355
0.0027850090991705656,0.002831660211086273
0.0027849781326949596,0.0028316276147961617
0.00278494437225163,0.0028315901290625334
0.002784912008792162,0.0028315603267401457
0.0027848791796714067,0.0028315302915871143
0.0027848477475345135,0.002831499557942152
0.002784816548228264,0.0028314620722085238
0.002784783486276865,0.002831426216289401
0.002784751821309328,0.0028313975781202316
0.002784720389172435,0.0028313680086284876
0.0027846884913742542,0.0028313295915722847
0.0027846561279147863,0.0028312993235886097
0.002784624695777893,0.0028312678914517164
0.002784593263641,0.002831237856298685
0.0027845611330121756,0.002831199672073126
0.0027845287695527077,0.0028311656787991524
0.0027844973374158144,0.0028311347123235464
0.0027844642754644156,0.0028311063069850206
0.0027844326104968786,0.002831075107678771
0.002784400014206767,0.0028310385532677174
0.002784368582069874,0.0028310006018728018
0.002784335520118475,0.0028309738263487816
0.002784304553642869,0.002830945421010256
0.0027842712588608265,0.0028309111949056387
0.0027842384297400713,0.002830869983881712
0.0027842067647725344,0.0028308378532528877
0.0027841750998049974,0.0028308103792369366
0.002784142503514886,0.0028307782486081123
0.002784110838547349,0.0028307493776082993
0.0027840787079185247,0.0028307123575359583
0.002784047042950988,0.002830673474818468
0.0027840142138302326,0.0028306436724960804
0.00278398091904819,0.002830615034326911
0.002783949254080653,0.0028305852320045233
0.00278391782194376,0.0028305493760854006
0.0027838859241455793,0.0028305111918598413
0.002783853327855468,0.0028304802253842354
0.0027838211972266436,0.0028304532170295715
0.0027837895322591066,0.0028304229490458965
0.002783757634460926,0.0028303873259574175
0.002783725271001458,0.0028303470462560654
0.002783694537356496,0.0028303193394094706
0.0027836610097438097,0.0028302904684096575
0.002783627947792411,0.002830261131748557
0.0027835953515022993,0.002830220153555274
0.0027835636865347624,0.0028301833663135767
0.002783531555905938,0.002830156125128269
0.0027834996581077576,0.0028301274869590998
0.0027834665961563587,0.002830096986144781
0.0027834356296807528,0.00283005996607244
0.0027834016364067793,0.002830022480338812
0.0027833692729473114,0.0028299903497099876
0.0027833383064717054,0.0028299610130488873
0.0027833054773509502,0.002829929580911994
0.0027832728810608387,0.0028298937249928713
0.0027832393534481525,0.0028298604302108288
0.0027832083869725466,0.0028298276010900736
0.0027831755578517914,0.0028297968674451113
0.00278314296156168,0.002829761477187276
0.0027831117622554302,0.0028297286480665207
0.0027830791659653187,0.002829699544236064
0.0027830481994897127,0.002829667180776596
0.0027830146718770266,0.0028296345844864845
0.002782984869554639,0.002829598030075431
0.002782950410619378,0.0028295640368014574
0.002782917581498623,0.0028295330703258514
0.002782886615023017,0.0028295032680034637
0.00278285495005548,0.0028294685762375593
0.0027828216552734375,0.002829437144100666
0.0027827892918139696,0.002829405013471842
0.0027827578596770763,0.002829368691891432
0.0027827261947095394,0.0028293346986174583
0.00278269499540329,0.0028293016366660595
0.002782664028927684,0.0028292706701904535
0.002782630268484354,0.0028292392380535603
0.0027825976721942425,0.002829207805916667
0.002782567171379924,0.0028291726484894753
0.0027825343422591686,0.0028291356284171343
0.0027825015131384134,0.002829102799296379
0.002782471477985382,0.0028290741611272097
0.0027824388816952705,0.002829040866345167
0.0027824067510664463,0.0028290103655308485
0.002782374620437622,0.002828974276781082
0.0027823420241475105,0.0028289402835071087
0.0027823098935186863,0.0028289093170315027
0.002782277064397931,0.0028288750909268856
0.002782244700938463,0.0028288462199270725
0.0027822116389870644,0.002828812226653099
0.0027821818366646767,0.0028287803288549185
0.002782149240374565,0.002828743075951934
0.0027821173425763845,0.002828710014000535
0.002782083349302411,0.0028286795131862164
0.0027820521499961615,0.0028286485467106104
0.0027820183895528316,0.0028286150190979242
0.0027819876559078693,0.0028285819571465254
0.0027819557581096888,0.002828549360856414
0.0027819222304970026,0.0028285139705985785
0.0027818905655294657,0.002828479278832674
0.0027818577364087105,0.002828451571986079
0.002781826304271817,0.002828418742865324
0.002781793475151062,0.002828386379405856
0.0027817615773528814,0.0028283502906560898
0.0027817278169095516,0.002828317228704691
0.0027816975489258766,0.0028282839339226484
0.0027816640213131905,0.0028282541316002607
0.002781630028039217,0.0028282213024795055
0.002781599061563611,0.0028281875420361757
0.002781567396596074,0.0028281512204557657
0.00278153526596725,0.0028281223494559526
0.0027815024368464947,0.0028280895203351974
0.0027814714703708887,0.0028280578553676605
0.002781438175588846,0.002828018506988883
0.002781406044960022,0.002827988239005208
0.002781374379992485,0.002827957272529602
0.00278134155087173,0.0028279258403927088
0.0027813094202429056,0.002827888587489724
0.0027812765911221504,0.0028278559911996126
0.002781245158985257,0.002827828051522374
0.002781212329864502,0.00282779592089355
0.002781178802251816,0.0028277572710067034
0.0027811473701149225,0.002827722579240799
0.0027811145409941673,0.0028276920784264803
0.002781082410365343,0.002827663440257311
0.002781050745397806,0.002827633637934923
0.0027810167521238327,0.0028275956865400076
0.0027809860184788704,0.0028275619260966778
0.0027809536550194025,0.002827528864145279
0.0027809212915599346,0.0028274976648390293
0.0027808889281004667,0.002827462973073125
0.00278085726313293,0.002827430609613657
0.0027808237355202436,0.0028273994103074074
0.0027807943988591433,0.002827366581186652
0.0027807611040771008,0.002827330958098173
0.0027807282749563456,0.0028272971976548433
0.0027806975413113832,0.002827263902872801
0.0027806642465293407,0.0028272345662117004
0.002780631650239229,0.0028272008057683706
0.002780600218102336,0.002827167510986328
0.0027805673889815807,0.0028271323535591364
0.0027805338613688946,0.0028270974289625883
0.0027805017307400703,0.002827065298333764
0.002780468901619315,0.0028270347975194454
0.0027804390992969275,0.0028270049951970577
0.0027804055716842413,0.002826970536261797
0.0027803729753941298,0.0028269332833588123
0.002780340611934662,0.0028269016183912754
0.0027803087141364813,0.002826869022101164
0.0027802770491689444,0.002826836658641696
0.00278024491854012,0.0028268026653677225
0.0027802123222500086,0.0028267710004001856
0.002780179027467966,0.0028267367742955685
0.0027801489923149347,0.002826706040650606
0.0027801161631941795,0.0028266715817153454
0.002780082868412137,0.0028266364242881536
0.002780050039291382,0.0028266047593206167
0.002780017675831914,0.0028265726286917925
0.002779986010864377,0.0028265388682484627
0.0027799534145742655,0.002826505806297064
0.0027799212839454412,0.0028264718130230904
0.002779888454824686,0.002826438983902335
0.002779856324195862,0.0028264063876122236
0.0027798237279057503,0.002826371230185032
0.0027797918301075697,0.0028263377025723457
0.0027797590009868145,0.0028263041749596596
0.002779726404696703,0.002826271578669548
0.002779694041237235,0.0028262424748390913
0.0027796614449471235,0.002826208481565118
0.0027796297799795866,0.002826172625645995
0.002779597183689475,0.0028261393308639526
0.002779565751552582,0.0028261069674044847
0.002779531991109252,0.002826077863574028
0.0027795000933110714,0.0028260445687919855
0.0027794677298516035,0.0028260089457035065
0.0027794342022389174,0.002825977513566613
0.002779402770102024,0.0028259437531232834
0.002779369940981269,0.002825908362865448
0.0027793378103524446,0.0028258764650672674
0.0027793054468929768,0.0028258427046239376
0.002779273549094796,0.0028258117381483316
0.0027792411856353283,0.002825779840350151
0.002779208356514573,0.0028257446829229593
0.0027791752945631742,0.0028257081285119057
0.0027791440952569246,0.002825674368068576
0.0027791112661361694,0.00282564340159297
0.0027790777385234833,0.0028256119694560766
0.0027790453750640154,0.0028255817014724016
0.002779012778773904,0.0028255449142307043
0.0027789813466370106,0.0028255125507712364
0.0027789489831775427,0.0028254794888198376
0.002778916619718075,0.0028254459612071514
0.0027788840234279633,0.002825414529070258
0.0027788530569523573,0.0028253819327801466
0.002778819762170315,0.002825347473844886
0.0027787876315414906,0.002825313713401556
0.0027787552680820227,0.0028252792544662952
0.002778722671791911,0.0028252489864826202
0.0027786903083324432,0.0028252166230231524
0.0027786577120423317,0.002825182629749179
0.002778625814244151,0.0028251453768461943
0.0027785939164459705,0.0028251123148947954
0.0027785603888332844,0.0028250806499272585
0.002778528491035104,0.0028250478208065033
0.0027784984558820724,0.002825014526024461
0.0027784639969468117,0.0028249805327504873
0.002778432797640562,0.00282494630664587
0.002778400434181094,0.0028249158058315516
0.002778366208076477,0.002824881812557578
0.0027783357072621584,0.002824848284944892
0.002778302878141403,0.002824814058840275
0.0027782695833593607,0.002824779599905014
0.002778238384053111,0.002824748633429408
0.002778206719085574,0.002824716502800584
0.0027781741227954626,0.002824683440849185
0.0027781419921666384,0.0028246487490832806
0.0027781096287071705,0.0028246145229786634
0.0027780767995864153,0.002824582392349839
0.002778045367449522,0.002824549563229084
0.002778012305498123,0.0028245162684470415
0.0027779783122241497,0.0028244827408343554
0.002777945715934038,0.0028244489803910255
0.002777914283797145,0.002824417082592845
0.0027778821531683207,0.002824382623657584
0.0027778493240475655,0.0028243486303836107
0.002777817891910672,0.0028243144042789936
0.0027777845971286297,0.0028242822736501694
0.002777751535177231,0.0028242492116987705
0.002777719171717763,0.0028242149855941534
0.0027776870410889387,0.0028241819236427546
0.0027776542119681835,0.0028241488616913557
0.0027776206843554974,0.0028241171967238188
0.0027775876224040985,0.002824085298925638
0.0027775573544204235,0.0028240536339581013
0.0027775235939770937,0.0028240184765309095
0.002777491230517626,0.0028239828534424305
0.0027774593327194452,0.0028239511884748936
0.0027774262707680464,0.00282391719520092
0.002777394372969866,0.002823887625709176
0.0027773615438491106,0.002823853399604559
0.002777328947558999,0.002823818940669298
0.0027772949542850256,0.0028237842489033937
0.0027772639878094196,0.0028237514197826385
0.002777230693027377,0.002823718823492527
0.0027771994937211275,0.00282368715852499
0.002777166897431016,0.002823652233928442
0.0027771343011409044,0.002823619171977043
0.002777103101834655,0.0028235858771950006
0.0027770691085606813,0.002823552815243602
0.002777035115286708,0.002823519054800272
0.0027770036831498146,0.002823486225679517
0.002776970388367772,0.002823449904099107
0.002776938024908304,0.00282341823913157
0.0027769082225859165,0.0028233847115188837
0.002776874229311943,0.0028233532793819904
0.0027768409345299006,0.0028233188204467297
0.0027768092695623636,0.0028232859913259745
0.0027767762076109648,0.002823251998052001
0.002776744309812784,0.0028232198674231768
0.0027767117135226727,0.0028231863398104906
0.0027766793500632048,0.0028231528121978045
0.0027766472194343805,0.0028231197502464056
0.0027766136918216944,0.002823084592819214
0.00277658156119287,0.0028230510652065277
0.002776550594717264,0.00282301870174706
0.00277651846408844,0.0028229861054569483
0.0027764844708144665,0.0028229516465216875
0.002776451874524355,0.002822916954755783
0.0027764206752181053,0.0028228822629898787
0.0027763887774199247,0.002822849666699767
0.002776355715468526,0.002822818700224161
0.0027763242833316326,0.002822786569595337
0.0027762912213802338,0.0028227507136762142
0.0027762586250901222,0.002822717884555459
0.0027762267272919416,0.0028226859867572784
0.002776193665340543,0.002822649432346225
0.002776162000373006,0.002822618931531906
0.002776128938421607,0.0028225844725966454
0.0027760975062847137,0.002822550479322672
0.002776064909994602,0.0028225183486938477
0.002776032080873847,0.0028224827256053686
0.0027759999502450228,0.0028224496636539698
0.002775968052446842,0.0028224182315170765
0.0027759347576647997,0.0028223837725818157
0.002775901462882757,0.0028223523404449224
0.002775868633762002,0.0028223174158483744
0.0027758365031331778,0.0028222831897437572
0.0027758032083511353,0.0028222501277923584
0.00277577037923038,0.002822217298671603
0.0027757384814321995,0.002822185168042779
0.0027757054194808006,0.00282215210609138
0.0027756732888519764,0.0028221169486641884
0.0027756395284086466,0.002822082256898284
0.002775606932118535,0.002822048496454954
0.0027755757328122854,0.0028220159001648426
0.0027755433693528175,0.002821986097842455
0.0027755110058933496,0.0028219495434314013
0.002775477711111307,0.0028219157829880714
0.002775445580482483,0.002821881789714098
0.002775412518531084,0.002821848262101412
0.002775379456579685,0.0028218168299645185
0.0027753456961363554,0.002821781672537327
0.0027753140311688185,0.00282175000756979
0.002775282831862569,0.0028217153158038855
0.0027752500027418137,0.002821681322529912
0.002775216707959771,0.0028216480277478695
0.0027751843445003033,0.0028216163627803326
0.002775152213871479,0.002821581205353141
0.0027751189190894365,0.0028215490747243166
0.0027750858571380377,0.0028215141501277685
0.0027750537265092134,0.002821479458361864
0.0027750213630497456,0.002821447793394327
0.0027749889995902777,0.002821417059749365
0.0027749561704695225,0.0028213816694915295
0.002774924272671342,0.0028213488403707743
0.0027748909778892994,0.0028213143814355135
0.0027748565189540386,0.0028212808538228273
0.00277482601813972,0.0028212456963956356
0.002774792956188321,0.0028212135657668114
0.002774759428575635,0.002821180270984769
0.002774727065116167,0.0028211474418640137
0.0027746933046728373,0.0028211132157593966
0.0027746616397053003,0.0028210787568241358
0.002774629509076476,0.0028210461605340242
0.002774597145617008,0.002821013331413269
0.0027745652478188276,0.0028209807351231575
0.0027745317202061415,0.002820946741849184
0.0027745007537305355,0.002820912515744567
0.0027744669932872057,0.0028208771254867315
0.0027744348626583815,0.0028208433650434017
0.0027744024991989136,0.0028208105359226465
0.0027743722312152386,0.0028207781724631786
0.0027743380051106215,0.0028207453433424234
0.002774306107312441,0.0028207101859152317
0.002774273743852973,0.0028206759598106146
0.0027742423117160797,0.0028206417337059975
0.0027742087841033936,0.0028206093702465296
0.0027741764206439257,0.002820574678480625
0.0027741449885070324,0.0028205434791743755
0.0027741119265556335,0.0028205078560858965
0.0027740790974348783,0.0028204726986587048
0.0027740471996366978,0.002820441033691168
0.002774015534669161,0.002820407971739769
0.0027739822398871183,0.002820373745635152
0.0027739484794437885,0.0028203397523611784
0.0027739163488149643,0.002820305759087205
0.0027738839853554964,0.002820272697135806
0.0027738504577428102,0.0028202407993376255
0.002773817628622055,0.002820206107571721
0.002773785265162587,0.002820174675434828
0.0027737515047192574,0.002820138819515705
0.002773719374090433,0.0028201055247336626
0.0027736867778003216,0.002820070832967758
0.002773654880002141,0.0028200382366776466
0.002773622516542673,0.002820004476234317
0.0027735887560993433,0.0028199690859764814
0.0027735568583011627,0.00281993648968637
0.0027735228650271893,0.00281990272924304
0.0027734916657209396,0.0028198689687997103
0.002773458370938897,0.0028198363725095987
0.0027734246104955673,0.002819803776219487
0.0027733934111893177,0.0028197693172842264
0.00277336104772985,0.0028197362553328276
0.0027733268216252327,0.002819700399413705
0.002773295622318983,0.002819668035954237
0.002773263491690159,0.002819634974002838
0.0027732301969081163,0.002819603541865945
0.0027731978334486485,0.002819570479914546
0.0027731650043278933,0.0028195360209792852
0.0027731317095458508,0.0028194987680763006
0.002773099113255739,0.0028194657061249018
0.0027730672154575586,0.002819433808326721
0.002773035317659378,0.0028194033075124025
0.002773001091554761,0.0028193669859319925
0.0027729677967727184,0.0028193341568112373
0.0027729342691600323,0.0028192971367388964
0.0027729040011763573,0.002819267800077796
0.0027728709392249584,0.0028192317113280296
0.0027728381101042032,0.002819197718054056
0.0027728055138140917,0.0028191625606268644
0.002772771054878831,0.002819132525473833
0.0027727403212338686,0.0028190980665385723
0.0027727079577744007,0.0028190657030791044
0.002772676292806864,0.0028190314769744873
0.002772642532363534,0.0028189956210553646
0.0027726106345653534,0.0028189627919346094
0.00277257664129138,0.0028189297299832106
0.0027725445106625557,0.0028188955038785934
0.002772511215880513,0.0028188612777739763
0.002772479085251689,0.0028188282158225775
0.002772446721792221,0.002818795619532466
0.002772414591163397,0.0028187620919197798
0.002772381529211998,0.0028187292627990246
0.002772350562736392,0.00281869457103312
0.002772316802293062,0.002818658947944641
0.0027722844388335943,0.002818625420331955
0.002772250445559621,0.002818591892719269
0.0027722178492695093,0.0028185590635985136
0.002772186417132616,0.002818525303155184
0.002772154053673148,0.0028184910770505667
0.002772120526060462,0.0028184568509459496
0.002772088861092925,0.0028184261173009872
0.002772056497633457,0.0028183930553495884
0.0027720241341739893,0.0028183578979223967
0.002771990606561303,0.002818323904648423
0.0027719575446099043,0.002818291774019599
0.0027719256468117237,0.002818257547914982
0.002771893050521612,0.0028182240203022957
0.0027718597557395697,0.0028181886300444603
0.0027718269266188145,0.002818155335262418
0.0027717959601432085,0.0028181206434965134
0.0027717624325305223,0.002818087814375758
0.0027717300690710545,0.002818056847900152
0.0027716963086277246,0.0028180223889648914
0.002771663246676326,0.0028179872315376997
0.0027716313488781452,0.002817952772602439
0.002771597821265459,0.0028179194778203964
0.0027715659234672785,0.0028178864158689976
0.0027715323958545923,0.002817852422595024
0.002771500265225768,0.0028178191278129816
0.002771468134596944,0.00281778397038579
0.0027714334428310394,0.0028177492786198854
0.002771401312202215,0.002817715983837843
0.002771369181573391,0.0028176838532090187
0.0027713358867913485,0.0028176489286124706
0.0027713035233318806,0.0028176154009997845
0.0027712706942111254,0.0028175818733870983
0.002771238097921014,0.0028175467159599066
0.0027712045703083277,0.002817516913637519
0.002771169412881136,0.002817481057718396
0.0027711372822523117,0.002817446133121848
0.0027711051516234875,0.0028174102772027254
0.0027710716240108013,0.0028173779137432575
0.0027710397262126207,0.0028173443861305714
0.002771007362753153,0.00281731178984046
0.0027709740679711103,0.0028172784950584173
0.0027709417045116425,0.002817244501784444
0.0027709086425602436,0.0028172119054943323
0.002770876744762063,0.0028171767480671406
0.0027708427514880896,0.0028171436861157417
0.0027708113193511963,0.0028171087615191936
0.0027707782573997974,0.0028170763980597258
0.0027707454282790422,0.0028170424047857523
0.0027707128319889307,0.0028170053847134113
0.002770679537206888,0.002816973254084587
0.0027706485707312822,0.0028169413562864065
0.002770613878965378,0.0028169068973511457
0.00277058151550591,0.002816874301061034
0.0027705493848770857,0.0028168410062789917
0.002770516788586974,0.0028168053831905127
0.002770483959466219,0.00281677208840847
0.0027704518288373947,0.0028167376294732094
0.002770418534055352,0.002816705033183098
0.0027703859377652407,0.0028166710399091244
0.002770352875813842,0.0028166358824819326
0.002770321210846305,0.0028166037518531084
0.0027702879160642624,0.002816569060087204
0.00277025462128222,0.0028165350668132305
0.0027702217921614647,0.0028165020048618317
0.002770188497379422,0.0028164684772491455
0.0027701568324118853,0.0028164342511445284
0.0027701251674443483,0.0028163993265479803
0.002770092338323593,0.002816365798935294
0.0027700597420334816,0.0028163327369838953
0.002770025748759508,0.0028162961825728416
0.0027699931524693966,0.0028162640519440174
0.002769961953163147,0.002816231222823262
0.002769929589703679,0.002816197695210576
0.0027698962949216366,0.0028161625377833843
0.002769864397123456,0.0028161306399852037
0.0027698324993252754,0.0028160964138805866
0.002769798506051302,0.002816061256453395
0.0027697652112692595,0.002816028892993927
0.0027697323821485043,0.002815995365381241
0.0027697007171809673,0.0028159620705991983
0.002769668120890856,0.0028159271460026503
0.0027696345932781696,0.0028158919885754585
0.0027696015313267708,0.0028158584609627724
0.00276956963352859,0.002815825864672661
0.0027695356402546167,0.0028157914057374
0.0027695035096257925,0.002815759042277932
0.0027694706805050373,0.002815724816173315
0.002769437385722995,0.0028156908228993416
0.002769405720755458,0.00281565566547215
0.0027693721931427717,0.0028156223706901073
0.002769338432699442,0.0028155893087387085
0.0027693065349012613,0.0028155557811260223
0.002769273240119219,0.002815521787852049
0.0027692397125065327,0.0028154863975942135
0.0027692082803696394,0.0028154526371508837
0.0027691745199263096,0.002815419342368841
0.002769140526652336,0.0028153876774013042
0.002769108396023512,0.00281535554677248
0.0027690748684108257,0.002815319923684001
0.0027690415736287832,0.0028152859304100275
0.0027690099086612463,0.0028152489103376865
0.002768975915387273,0.002815217711031437
0.002768943551927805,0.002815183950588107
0.0027689109556376934,0.0028151520527899265
0.0027688771951943636,0.0028151136357337236
0.002768845297396183,0.0028150815051048994
0.0027688138652592897,0.0028150470461696386
0.002768779406324029,0.00281501398421824
0.00276874634437263,0.0028149799909442663
0.0027687144465744495,0.0028149455320090055
0.002768681850284338,0.002814910840243101
0.002768648089841008,0.0028148770797997713
0.0027686157263815403,0.002814843086525798
0.0027685845270752907,0.0028148102574050426
0.0027685509994626045,0.0028147767297923565
0.0027685181703418493,0.0028147422708570957
0.002768484875559807,0.0028147082775831223
0.002768451813608408,0.0028146738186478615
0.0027684199158102274,0.002814639825373888
0.0027683856897056103,0.0028146058320999146
0.0027683537919074297,0.0028145723044872284
0.002768321195617318,0.0028145399410277605
0.0027682881336659193,0.0028145061805844307
0.0027682550717145205,0.002814473118633032
0.0027682227082550526,0.0028144381940364838
0.0027681903447955847,0.0028144028037786484
0.002768157282844186,0.002814369974657893
0.0027681251522153616,0.002814337145537138
0.002768093254417181,0.0028143017552793026
0.002768060192465782,0.00281426846049726
0.0027680268976837397,0.002814234932884574
0.002767994301393628,0.002814199309796095
0.002767962170764804,0.0028141653165221214
0.0027679274789988995,0.0028141324874013662
0.002767894184216857,0.0028140984941273928
0.00276786251924932,0.0028140663634985685
0.002767829457297921,0.002814031206071377
0.002767795929685235,0.002813995350152254
0.002767763566225767,0.002813962521031499
0.0027677309699356556,0.0028139299247413874
0.0027676993049681187,0.002813896397128701
0.0027676664758473635,0.0028138612397015095
0.0027676336467266083,0.002813825849443674
0.0027676010504364967,0.0028137925546616316
0.0027675677556544542,0.0028137576300650835
0.0027675346937030554,0.0028137248009443283
0.002767501398921013,0.0028136924374848604
0.0027674695011228323,0.0028136575128883123
0.002767436672002077,0.0028136237524449825
0.0027674036100506783,0.0028135906904935837
0.002767369616776705,0.00281355669721961
0.0027673374861478806,0.0028135196771472692
0.0027673058211803436,0.0028134852182120085
0.0027672722935676575,0.002813453320413828
0.0027672380674630404,0.0028134221211075783
0.002767205238342285,0.0028133862651884556
0.00276717240922153,0.002813351573422551
0.002767138183116913,0.0028133164159953594
0.002767105819657445,0.0028132826555520296
0.002767074154689908,0.0028132502920925617
0.002767040627077222,0.0028132162988185883
0.0027670070994645357,0.0028131830040365458
0.002766975201666355,0.002813147846609354
0.0027669414412230253,0.0028131131548434496
0.002766909310594201,0.002813077997416258
0.0027668755501508713,0.0028130465652793646
0.002766842721030116,0.002813012572005391
0.0027668108232319355,0.0028129799757152796
0.0027667777612805367,0.0028129424899816513
0.0027667449321597815,0.0028129112906754017
0.0027667118702083826,0.0028128777630627155
0.0027666797395795584,0.002812843769788742
0.0027666459791362286,0.002812805352732539
0.002766611520200968,0.002812770428135991
0.002766579855233431,0.0028127431869506836
0.0027665456291288137,0.002812707331031561
0.002766512567177415,0.002812672173604369
0.0027664804365485907,0.0028126370161771774
0.0027664483059197664,0.0028126065153628588
0.0027664154767990112,0.002812572754919529
0.002766381949186325,0.0028125380631536245
0.0027663493528962135,0.002812499413266778
0.0027663169894367456,0.0028124700766056776
0.002766284393146634,0.0028124365489929914
0.0027662506327033043,0.002812399994581938
0.00276621850207448,0.0028123653028160334
0.002766185672953725,0.0028123343363404274
0.0027661514468491077,0.0028122994117438793
0.0027661186177283525,0.002812263322994113
0.0027660857886075974,0.0028122281655669212
0.002766052493825555,0.0028121971990913153
0.0027660205960273743,0.002812162507325411
0.0027659886982291937,0.002812126185745001
0.0027659572660923004,0.0028120921924710274
0.0027659237384796143,0.0028120623901486397
0.002765890210866928,0.0028120253700762987
0.002765858080238104,0.0028119906783103943
0.0027658240869641304,0.002811957150697708
0.002765791956335306,0.002811925718560815
0.002765759127214551,0.002811889862641692
0.0027657269965857267,0.0028118521440774202
0.002765693236142397,0.002811818616464734
0.002765660174190998,0.0028117895126342773
0.0027656289748847485,0.0028117552865296602
0.0027655959129333496,0.002811719197779894
0.002765564015135169,0.0028116845060139894
0.002765529090538621,0.002811652608215809
0.0027654962614178658,0.002811616053804755
0.0027654634322971106,0.0028115808963775635
0.0027654313016682863,0.002811548998579383
0.002765398006886244,0.0028115182649344206
0.0027653651777654886,0.0028114800807088614
0.002765331184491515,0.002811441430822015
0.0027652978897094727,0.0028114088345319033
0.0027652664575725794,0.002811381360515952
0.0027652333956211805,0.0028113459702581167
0.0027652003336697817,0.002811310114338994
0.002765167271718383,0.0028112735599279404
0.0027651344425976276,0.0028112446889281273
0.0027651016134768724,0.002811211394146085
0.00276506831869483,0.002811173675581813
0.0027650354895740747,0.002811138052493334
0.002765002893283963,0.002811108250170946
0.002764970064163208,0.0028110730927437544
0.0027649360708892345,0.0028110379353165627
0.002764904173091054,0.002811006037518382
0.0027648701798170805,0.002810973674058914
0.0027648382820189,0.002810934092849493
0.0027648054528981447,0.0028109000995755196
0.0027647714596241713,0.0028108686674386263
0.002764739328995347,0.0028108363039791584
0.0027647053357213736,0.0028107999823987484
0.0027646725066006184,0.0028107634279876947
0.002764639211818576,0.0028107345569878817
0.002764605451375246,0.0028107017278671265
0.0027645742520689964,0.0028106640093028545
0.002764540957286954,0.0028106276877224445
0.0027645074296742678,0.002810597885400057
0.0027644746005535126,0.0028105638921260834
0.0027644424699246883,0.0028105275705456734
0.002764408476650715,0.0028104912489652634
0.0027643763460218906,0.002810462610796094
0.002764343051239848,0.0028104293160140514
0.0027643104549497366,0.002810391131788492
0.0027642783243209124,0.0028103559743613005
0.0027642452623695135,0.0028103243093937635
0.0027642115019261837,0.0028102912474423647
0.002764179138466716,0.0028102542273700237
0.002764145378023386,0.0028102206997573376
0.002764112316071987,0.0028101871721446514
0.0027640818152576685,0.0028101529460400343
0.0027640473563224077,0.0028101145289838314
0.002764015691354871,0.002810085890814662
0.0027639823965728283,0.002810052828863263
0.002763948868960142,0.0028100155759602785
0.0027639162726700306,0.0028099811170250177
0.002763883676379919,0.002809946658089757
0.002763849450275302,0.002809912199154496
0.002763817785307765,0.002809883328154683
0.0027637844905257225,0.002809846308082342
0.00276375119574368,0.002809810219332576
0.002763717668130994,0.0028097773902118206
0.0027636848390102386,0.002809743629768491
0.0027636513113975525,0.00280970660969615
0.0027636196464300156,0.0028096765745431185
0.0027635858859866858,0.0028096460737288
0.002763552824035287,0.0028096067253500223
0.0027635202277451754,0.0028095708694308996
0.0027634883299469948,0.0028095394372940063
0.0027634550351649523,0.002809508005157113
0.002763420809060335,0.002809469122439623
0.002763388678431511,0.002809436758980155
0.0027633553836494684,0.0028094013687223196
0.0027633223216980696,0.002809366909787059
0.002763290423899889,0.002809336641803384
0.002763256896287203,0.0028093033470213413
0.0027632247656583786,0.002809263300150633
0.0027631919365376234,0.0028092318680137396
0.0027631584089249372,0.0028091957792639732
0.0027631260454654694,0.0028091641142964363
0.002763092052191496,0.002809129888191819
0.0027630587574094534,0.0028090940322726965
0.002763026859611273,0.0028090584091842175
0.0027629928663372993,0.0028090286068618298
0.002762958873063326,0.0028089922852814198
0.002762925811111927,0.002808957127854228
0.002762893447652459,0.00280892476439476
0.002762860618531704,0.00280888844281435
0.0027628277894109488,0.002808856312185526
0.00276279472745955,0.0028088241815567017
0.0027627607341855764,0.0028087885584682226
0.0027627283707261086,0.002808751305565238
0.002762695075944066,0.00280871894210577
0.0027626624796539545,0.002808684716001153
0.002762629883363843,0.0028086549136787653
0.002762598218396306,0.0028086178936064243
0.002762563992291689,0.002808580407872796
0.00276253093034029,0.002808548742905259
0.0027624964714050293,0.0028085149824619293
0.0027624641079455614,0.0028084772638976574
0.0027624317444860935,0.0028084474615752697
0.002762399148195982,0.0028084164950996637
0.0027623665519058704,0.0028083776123821735
0.002762332558631897,0.0028083412908017635
0.0027622997295111418,0.0028083096258342266
0.002762266667559743,0.002808274934068322
0.0027622347697615623,0.0028082351200282574
0.002762202173471451,0.00280820787884295
0.0027621686458587646,0.002808176912367344
0.0027621351182460785,0.0028081389609724283
0.0027621020562946796,0.0028081017080694437
0.002762068994343281,0.002808071207255125
0.0027620368637144566,0.0028080386109650135
0.002762003568932414,0.0028080015908926725
0.002761970739811659,0.002807971090078354
0.0027619379106909037,0.0028079384937882423
0.00276190391741693,0.002807898446917534
0.002761871786788106,0.002807862590998411
0.002761837560683489,0.002807833719998598
0.002761803800240159,0.0028078006580471992
0.0027617719024419785,0.0028077629394829273
0.0027617409359663725,0.0028077245224267244
0.0027617071755230427,0.002807695884257555
0.002761674812063575,0.002807664219290018
0.002761641051620245,0.002807624638080597
0.0027616077568382025,0.0028075866866856813
0.0027615742292255163,0.0028075568843632936
0.0027615432627499104,0.002807527082040906
0.002761510433629155,0.002807487500831485
0.002761476906016469,0.002807449549436569
0.00276144384406507,0.0028074218425899744
0.0027614112477749586,0.0028073920402675867
0.0027613781858235598,0.0028073524590581656
0.0027613448910415173,0.0028073142748326063
0.0027613122947514057,0.002807281445711851
0.0027612808626145124,0.002807251177728176
0.0027612473350018263,0.0028072132263332605
0.0027612149715423584,0.0028071801643818617
0.0027611814439296722,0.0028071491979062557
0.002761147916316986,0.002807117532938719
0.002761113690212369,0.0028070758562535048
0.0027610808610916138,0.002807041397318244
0.002761048497632146,0.002807011129334569
0.0027610149700194597,0.0028069799300283194
0.00276098120957613,0.0028069396503269672
0.0027609483804553747,0.002806904260069132
0.002760917181149125,0.0028068721294403076
0.0027608841191977262,0.0028068432584404945
0.002760849427431822,0.0028068034444004297
0.0027608161326497793,0.00280677224509418
0.0027607842348515987,0.002806738018989563
0.0027607500087469816,0.002806702395901084
0.002760715316981077,0.0028066665399819613
0.0027606843505054712,0.0028066353406757116
0.0027606510557234287,0.002806604839861393
0.0027606177609413862,0.002806569915264845
0.0027605853974819183,0.0028065310325473547
0.002760553266853094,0.002806497737765312
0.0027605188079178333,0.0028064660727977753
0.002760485978797078,0.0028064297512173653
0.0027604522183537483,0.002806398319080472
0.0027604198548942804,0.002806364791467786
0.0027603863272815943,0.0028063266072422266
0.0027603537309914827,0.0028062884230166674
0.0027603202033787966,0.0028062567580491304
0.002760286908596754,0.0028062269557267427
0.00276025477796793,0.0028061955235898495
0.0027602212503552437,0.0028061564080417156
0.0027601884212344885,0.002806119853630662
0.002760155824944377,0.0028060900513082743
0.002760122762992978,0.0028060569893568754
0.0027600887697190046,0.002806019736453891
0.0027600564062595367,0.0028059843461960554
0.0027600228786468506,0.0028059526812285185
0.00275999098084867,0.0028059198521077633
0.002759957918897271,0.0028058832976967096
0.0027599239256232977,0.002805848140269518
0.002759890165179968,0.0028058162424713373
0.0027598589658737183,0.0028057843446731567
0.002759825438261032,0.002805744530633092
0.0027597921434789896,0.002805710071697831
0.0027597600128501654,0.0028056800365448
0.0027597262524068356,0.002805647673085332
0.0027596924919635057,0.00280561251565814
0.0027596603613346815,0.0028055740986019373
0.002759628463536501,0.0028055422008037567
0.0027595949359238148,0.002805507741868496
0.002759562572464347,0.0028054709546267986
0.0027595299761742353,0.0028054385911673307
0.00275949714705348,0.0028054076246917248
0.002759465016424656,0.0028053733985871077
0.0027594321873039007,0.002805334283038974
0.0027593974955379963,0.002805298427119851
0.0027593644335865974,0.0028052686247974634
0.002759333001449704,0.00280523719266057
0.0027592990081757307,0.0028052006382495165
0.002759266411885619,0.002805165946483612
0.002759233582764864,0.002805130323395133
0.0027592007536441088,0.0028050988912582397
0.0027591686230152845,0.0028050653636455536
0.0027591357938945293,0.0028050311375409365
0.002759102266281843,0.0028049959801137447
0.002759067341685295,0.002804958261549473
0.002759036608040333,0.0028049254324287176
0.002759001450613141,0.0028048926033079624
0.0027589681558310986,0.0028048567473888397
0.0027589364908635616,0.002804824849590659
0.0027589034289121628,0.0028047875966876745
0.0027588694356381893,0.002804750809445977
0.002758837305009365,0.002804721472784877
0.0027588040102273226,0.0028046881780028343
0.00275877071544528,0.002804652787744999
0.002758737187832594,0.002804619027301669
0.0027587050572037697,0.0028045831713825464
0.0027586715295910835,0.0028045487124472857
0.0027586366049945354,0.002804513555020094
0.0027586056385189295,0.002804482588544488
0.002758570946753025,0.002804449526593089
0.002758537419140339,0.002804412739351392
0.0027585031930357218,0.002804376417770982
0.002758471993729472,0.002804343355819583
0.0027584389317780733,0.002804309129714966
0.0027584063354879618,0.0028042783960700035
0.0027583735063672066,0.002804243005812168
0.0027583406772464514,0.0028042078483849764
0.002758306683972478,0.002804172458127141
0.0027582740876823664,0.0028041373006999493
0.002758241491392255,0.0028041049372404814
0.0027582086622714996,0.00280407234095037
0.002758175600320101,0.0028040381148457527
0.0027581416070461273,0.0028040027245879173
0.0027581085450947285,0.0028039677999913692
0.0027580764144659042,0.002803932875394821
0.0027580426540225744,0.002803898649290204
0.00275801052339375,0.002803865587338805
0.0027579765301197767,0.002803831361234188
0.0027579437009990215,0.0028037982992827892
0.00275791110470891,0.0028037612792104483
0.002757878275588155,0.002803729148581624
0.0027578454464673996,0.002803698182106018
0.002757812151685357,0.002803660463541746
0.0027577781584113836,0.0028036225121468306
0.0027577460277825594,0.002803591312840581
0.002757713198661804,0.0028035577852278948
0.0027576794382184744,0.002803525887429714
0.00275764730758965,0.0028034886345267296
0.002757613081485033,0.0028034544084221125
0.002757580252364278,0.0028034227434545755
0.0027575481217354536,0.00280338735319674
0.0027575152926146984,0.002803352428600192
0.0027574817650020123,0.0028033177368342876
0.0027574487030506134,0.0028032856062054634
0.002757416572421789,0.002803252311423421
0.0027573835104703903,0.0028032141271978617
0.0027573504485189915,0.0028031812980771065
0.0027573166880756617,0.0028031491674482822
0.0027572852559387684,0.0028031165711581707
0.0027572507970035076,0.0028030788525938988
0.0027572172693908215,0.0028030460234731436
0.0027571851387619972,0.0028030122630298138
0.002757152309641242,0.0028029775712639093
0.002757119480520487,0.002802938688546419
0.0027570861857384443,0.002802905859425664
0.0027570538222789764,0.002802877454087138
0.002757019829005003,0.0028028415981680155
0.0027569876983761787,0.0028028071392327547
0.0027569537051022053,0.002802767790853977
0.00275692087598145,0.0028027393855154514
0.002756888745352626,0.0028027063235640526
0.0027568554505705833,0.0028026700019836426
0.002756822621449828,0.0028026322834193707
0.0027567886281758547,0.00280259782448411
0.0027567564975470304,0.002802566159516573
0.002756724366918206,0.0028025293722748756
0.00275669083930552,0.002802498871460557
0.0027566575445234776,0.0028024637140333652
0.002756624948233366,0.0028024311177432537
0.00275659142062068,0.002802393864840269
0.0027565567288547754,0.00280235824175179
0.0027565257623791695,0.002802327275276184
0.0027564901392906904,0.0028022946789860725
0.0027564570773392916,0.0028022590558975935
0.0027564263436943293,0.00280222506262362
0.0027563918847590685,0.002802189439535141
0.0027563602197915316,0.0028021561447530985
0.002756324829533696,0.0028021216858178377
0.0027562915347516537,0.0028020881582051516
0.002756259171292186,0.00280205300077796
0.0027562265750020742,0.0028020197059959173
0.0027561932802200317,0.0028019817546010017
0.002756160916760564,0.0028019510209560394
0.002756125293672085,0.002801917027682066
0.002756093628704548,0.002801882801577449
0.0027560614980757236,0.0028018488083034754
0.002756028203293681,0.002801814116537571
0.0027559951413422823,0.0028017801232635975
0.0027559625450521708,0.002801747526973486
0.0027559292502701283,0.002801713300868869
0.002755895722657442,0.002801678143441677
0.002755862893536687,0.0028016420546919107
0.002755830530077219,0.0028016071300953627
0.00275579746812582,0.002801573136821389
0.002755765337496996,0.0028015398420393467
0.0027557313442230225,0.002801506547257304
0.0027556985151022673,0.0028014720883220434
0.0027556652203202248,0.0028014362324029207
0.002755632856860757,0.002801403868943453
0.0027555988635867834,0.0028013705741614103
0.0027555653359740973,0.002801337279379368
0.0027555334381759167,0.0028013032861053944
0.0027554992120712996,0.002801266498863697
0.0027554661501199007,0.0028012311086058617
0.002755433786660433,0.0028011982794851065
0.0027553997933864594,0.002801170339807868
0.002755368361249566,0.002801136579364538
0.00275533483363688,0.002801094902679324
0.0027553015388548374,0.0028010576497763395
0.002755267545580864,0.0028010259848088026
0.0027552347164601088,0.0028009950183331966
0.0027552007231861353,0.002800961025059223
0.0027551688253879547,0.002800924004986882
0.002755135763436556,0.0028008907102048397
0.002755102701485157,0.002800856251269579
0.002755070338025689,0.0028008234221488237
0.002755036810413003,0.002800789661705494
0.0027550053782761097,0.002800754504278302
0.0027549718506634235,0.002800720976665616
0.0027549397200345993,0.0028006851207464933
0.002754906890913844,0.0028006534557789564
0.0027548735961318016,0.0028006189968436956
0.0027548405341804028,0.0028005833737552166
0.002754807472229004,0.002800550078973174
0.0027547739446163177,0.0028005135245621204
0.0027547404170036316,0.0028004811611026525
0.002754706423729658,0.002800447167828679
0.002754674758762121,0.0028004124760627747
0.002754640532657504,0.002800379414111376
0.002754607703536749,0.002800343558192253
0.0027545748744159937,0.0028003102634102106
0.002754541579633951,0.0028002767357975245
0.0027545075863599777,0.0028002425096929073
0.00275447522290051,0.002800209214910865
0.0027544426266103983,0.0028001749888062477
0.002754409331828356,0.002800137735903263
0.002754376968368888,0.00280010630376637
0.002754342509433627,0.0028000723104923964
0.0027543085161596537,0.002800038317218423
0.0027542763855308294,0.002800003858283162
0.0027542428579181433,0.002799966838210821
0.0027542095631361008,0.0027999356389045715
0.0027541762683540583,0.00279990304261446
0.0027541446033865213,0.0027998690493404865
0.00275411200709641,0.002799833891913295
0.0027540777809917927,0.002799797570332885
0.00275404448620975,0.0027997635770589113
0.0027540118899196386,0.0027997305151075125
0.0027539783623069525,0.0027996955905109644
0.0027539466973394156,0.002799662295728922
0.0027539129368960857,0.0027996283024549484
0.002753879874944687,0.0027995938435196877
0.0027538456488400698,0.002799561247229576
0.00275381444953382,0.0027995281852781773
0.002753780223429203,0.0027994909323751926
0.0027537483256310225,0.0027994560077786446
0.0027537147980183363,0.0027994238771498203
0.0027536829002201557,0.0027993887197226286
0.002753648441284895,0.0027993558906018734
0.002753615379333496,0.0027993218973279
0.00275358185172081,0.0027992883697152138
0.0027535497210919857,0.00279925181530416
0.0027535168919712305,0.0027992178220301867
0.0027534838300198317,0.0027991861570626497
0.0027534510008990765,0.0027991526294499636
0.0027534172404557467,0.002799117472022772
0.002753383480012417,0.002799080917611718
0.002753352513536811,0.0027990471571683884
0.0027533178217709064,0.0027990133967250586
0.002753286389634013,0.002798980800434947
0.0027532523963600397,0.002798945875838399
0.002753220032900572,0.002798910951241851
0.002753185573965311,0.002798874396830797
0.002753153443336487,0.0027988420333713293
0.0027531206142157316,0.002798810601234436
0.00275308801792562,0.0027987747453153133
0.0027530547231435776,0.0027987391222268343
0.002753021428361535,0.002798705128952861
0.0027529888320714235,0.002798673463985324
0.0027529567014425993,0.002798637142404914
0.002752923406660557,0.0027986043132841587
0.0027528894133865833,0.0027985703200101852
0.0027528570499271154,0.0027985351625829935
0.002752825617790222,0.002798504428938031
0.002752792090177536,0.0027984699700027704
0.002752759028226137,0.002798433182761073
0.0027527259662747383,0.0027983987238258123
0.002752692671492696,0.0027983635663986206
0.002752659609541297,0.00279833166860044
0.002752625849097967,0.00279829790815711
0.002752593718469143,0.0027982648462057114
0.0027525597251951694,0.0027982264291495085
0.002752526430413127,0.002798191737383604
0.0027524952311068773,0.0027981619350612164
0.0027524614706635475,0.002798128640279174
0.0027524286415427923,0.0027980946470052004
0.002752394648268819,0.0027980555314570665
0.0027523606549948454,0.0027980217710137367
0.00275232782587409,0.0027979910373687744
0.0027522947639226913,0.002797959605231881
0.0027522624004632235,0.0027979265432804823
0.002752227010205388,0.002797889057546854
0.002752195578068495,0.0027978532016277313
0.0027521613519638777,0.0027978213038295507
0.0027521285228431225,0.0027977877762168646
0.002752095926553011,0.00279775308445096
0.002752063563093543,0.0027977200224995613
0.002752030501142144,0.002797684632241726
0.0027519974391907454,0.0027976487763226032
0.00275196461006999,0.0027976178098469973
0.0027519315481185913,0.0027975826524198055
0.002751898020505905,0.002797548659145832
0.002751865889877081,0.002797513734549284
0.0027518318966031075,0.002797479275614023
0.0027517990674823523,0.002797446446493268
0.0027517664711922407,0.00279741152189672
0.002751735271885991,0.0027973793912678957
0.002751701045781374,0.0027973440010100603
0.0027516691479831934,0.002797310007736087
0.0027516356203705072,0.0027972767129540443
0.002751602791249752,0.0027972396928817034
0.0027515694964677095,0.002797208959236741
0.002751536900177598,0.0027971724048256874
0.0027515036053955555,0.0027971388772130013
0.0027514712419360876,0.002797103486955166
0.0027514381799846888,0.0027970708906650543
0.002751405816525221,0.002797037363052368
0.0027513729874044657,0.0027970026712864637
0.002751340391114354,0.002796967513859272
0.0027513059321790934,0.002796935150399804
0.002751273335888982,0.0027968999929726124
0.002751240972429514,0.002796868095174432
0.002751207910478115,0.0027968334034085274
0.0027511746156960726,0.0027967970818281174
0.002751140156760812,0.002796763787046075
0.0027511082589626312,0.002796730725094676
0.0027510758955031633,0.002796701155602932
0.0027510416693985462,0.0027966629713773727
0.002751008840277791,0.0027966266497969627
0.002750976011157036,0.0027965917252004147
0.0027509438805282116,0.0027965614572167397
0.0027509103529155254,0.002796528860926628
0.002750877058133483,0.0027964944019913673
0.0027508449275046587,0.002796459710225463
0.0027508120983839035,0.0027964238543063402
0.0027507792692631483,0.0027963907923549414
0.002750745974481106,0.002796357264742255
0.0027507133781909943,0.0027963221073150635
0.002750679152086377,0.0027962864842265844
0.0027506458573043346,0.002796254586428404
0.002750613261014223,0.0027962231542915106
0.002750579733401537,0.0027961868327111006
0.002750547369942069,0.002796152839437127
0.0027505140751600266,0.00279612117446959
0.002750480780377984,0.002796089043840766
0.002750448416918516,0.0027960531879216433
0.0027504151221364737,0.002796015702188015
0.002750381827354431,0.002795984735712409
0.002750348299741745,0.00279595167376101
0.0027503161691129208,0.0027959179133176804
0.0027502819430083036,0.0027958815917372704
0.002750248881056905,0.002795846899971366
0.0027502174489200115,0.0027958143036812544
0.0027501848526299,0.0027957840356975794
0.002750151325017214,0.0027957477141171694
0.0027501184958964586,0.002795711625367403
0.002750083338469267,0.0027956748381257057
0.0027500521391630173,0.0027956466656178236
0.002750019310042262,0.0027956117410212755
0.002749985782429576,0.0027955782134085894
0.0027499538846313953,0.002795542823150754
0.00274992105551064,0.0027955095283687115
0.002749890089035034,0.0027954785618931055
0.0027498553972691298,0.0027954422403126955
0.0027498225681483746,0.0027954052202403545
0.002749789971858263,0.0027953737881034613
0.002749757142737508,0.002795339794829488
0.0027497250121086836,0.0027953062672168016
0.002749690553173423,0.0027952694799751043
0.0027496586553752422,0.0027952389791607857
0.0027496260590851307,0.0027952061500400305
0.0027495920658111572,0.002795167500153184
0.002749559236690402,0.0027951346710324287
0.002749526407569647,0.002795102773234248
0.002749493345618248,0.0027950662188231945
0.002749460516497493,0.0027950331568717957
0.0027494269888848066,0.0027949975337833166
0.0027493955567479134,0.0027949654031544924
0.0027493613306432962,0.0027949297800660133
0.002749328501522541,0.0027948978822678328
0.0027492952067404985,0.002794865285977721
0.002749262610450387,0.0027948308270424604
0.0027492300141602755,0.002794796135276556
0.0027491962537169456,0.0027947642374783754
0.002749162260442972,0.002794728148728609
0.0027491289656609297,0.0027946950867772102
0.0027490961365401745,0.0027946610935032368
0.002749063540250063,0.0027946247719228268
0.0027490302454680204,0.0027945926412940025
0.0027489974163472652,0.00279455678537488
0.0027489643543958664,0.002794524421915412
0.002748931525275111,0.0027944918256253004
0.002748898696154356,0.002794458530843258
0.002748866332694888,0.00279442360624671
0.0027488323394209146,0.0027943872846663
0.002748799743130803,0.00279435608536005
0.002748767612501979,0.0027943237219005823
0.0027487336192280054,0.0027942864689975977
0.002748701022937894,0.002794252010062337
0.002748669357970357,0.0027942191809415817
0.002748635830357671,0.002794187515974045
0.0027486025355756283,0.002794152358546853
0.002748570404946804,0.002794118132442236
0.0027485371101647615,0.002794083673506975
0.0027485035825520754,0.0027940513100475073
0.002748471451923251,0.0027940168511122465
0.0027484374586492777,0.002793979598209262
0.002748404862359166,0.0027939490973949432
0.0027483711019158363,0.0027939151041209698
0.002748337807133794,0.002793884137645364
0.0027483052108436823,0.0027938480488955975
0.002748272381722927,0.002793813357129693
0.0027482383884489536,0.0027937781997025013
0.0027482062578201294,0.0027937458362430334
0.0027481738943606615,0.00279371184296906
0.002748140599578619,0.00279367808252573
0.002748107770457864,0.0027936422266066074
0.0027480751741677523,0.0027936124242842197
0.002748041180893779,0.002793580759316683
0.0027480083517730236,0.002793544204905629
0.0027479755226522684,0.002793503925204277
0.0027479424607008696,0.0027934734243899584
0.0027479093987494707,0.002793440129607916
0.0027478758711367846,0.0027934073004871607
0.0027478435076773167,0.0027933719102293253
0.002747809747233987,0.002793337684124708
0.0027477783150970936,0.0027933060191571712
0.0027477447874844074,0.002793273190036416
0.0027477112598717213,0.0027932364027947187
0.0027476788964122534,0.0027932024095207453
0.0027476465329527855,0.0027931700460612774
0.0027476148679852486,0.002793140010908246
0.0027475799433887005,0.002793105086311698
0.002747548744082451,0.0027930664364248514
0.0027475154493004084,0.002793031046167016
0.0027474837843328714,0.0027929965872317553
0.002747449791058898,0.0027929681818932295
0.00274741742759943,0.002792935585603118
0.002747383899986744,0.0027928983327001333
0.0027473527006804943,0.0027928634081035852
0.002747318707406521,0.0027928315103054047
0.0027472854126244783,0.0027927972842007875
0.002747252117842436,0.0027927649207413197
0.0027472195215523243,0.002792729763314128
0.0027471857611089945,0.0027926962357014418
0.002747152466326952,0.0027926634065806866
0.0027471205685287714,0.002792626153677702
0.002747089834883809,0.0027925949543714523
0.002747056307271123,0.0027925604954361916
0.0027470230124890804,0.002792526502162218
0.002746989019215107,0.0027924925088882446
0.0027469568885862827,0.0027924594469368458
0.002746924292296171,0.0027924268506467342
0.002746890764683485,0.002792391460388899
0.0027468581683933735,0.00279235583730042
0.0027468251064419746,0.0027923237066715956
0.0027467927429825068,0.0027922906447201967
0.0027467592153698206,0.002792254090309143
0.0027467261534184217,0.002792222425341606
0.0027466940227895975,0.0027921872679144144
0.0027466611936688423,0.0027921563014388084
0.0027466281317174435,0.0027921213768422604
0.0027465960010886192,0.002792087383568287
0.0027465634047985077,0.0027920531574636698
0.002746530808508396,0.002792017301544547
0.00274649728089571,0.0027919840067625046
0.002746464218944311,0.002791955368593335
0.0027464311569929123,0.0027919188141822815
0.0027463994920253754,0.0027918817941099405
0.002746365498751402,0.0027918480336666107
0.0027463329024612904,0.002791818231344223
0.0027463005390018225,0.0027917856350541115
0.002746265847235918,0.002791749080643058
0.0027462332509458065,0.0027917134575545788
0.0027462001889944077,0.0027916778344660997
0.0027461678255349398,0.002791646169498563
0.002746135462075472,0.002791614504531026
0.002746102400124073,0.0027915816754102707
0.002746068174019456,0.0027915495447814465
0.002746036509051919,0.0027915125247091055
0.0027460025157779455,0.0027914776001125574
0.002745969919487834,0.002791446400806308
0.0027459373231977224,0.0027914117090404034
0.00274590402841568,0.0027913774829357862
0.0027458714321255684,0.0027913439553231
0.0027458404656499624,0.002791311126202345
0.0027458076365292072,0.0027912769000977278
0.0027457731775939465,0.0027912412770092487
0.0027457403484731913,0.0027912079822272062
0.0027457086835056543,0.002791177248582244
0.0027456767857074738,0.002791143488138914
0.0027456434909254313,0.0027911076322197914
0.0027456108946353197,0.00279107503592968
0.002745578531175852,0.002791040576994419
0.002745544770732522,0.0027910086791962385
0.002745511708781123,0.002790972590446472
0.0027454786468297243,0.0027909388300031424
0.0027454469818621874,0.0027909055352211
0.002745413687080145,0.0027908729389309883
0.0027453808579593897,0.0027908384799957275
0.002745348261669278,0.0027908035553991795
0.002745314734056592,0.002790767000988126
0.0027452826034277678,0.0027907383628189564
0.0027452486101537943,0.0027907048352062702
0.00274521647952497,0.002790668047964573
0.002745183650404215,0.0027906333561986685
0.0027451496571302414,0.0027906065806746483
0.0027451179921627045,0.002790574450045824
0.0027450849302113056,0.0027905332390218973
0.0027450525667518377,0.0027904973831027746
0.0027450185734778643,0.002790468977764249
0.002744985045865178,0.0027904382441192865
0.0027449524495750666,0.002790400292724371
0.0027449193876236677,0.0027903649024665356
0.002744886791333556,0.0027903327718377113
0.0027448534965515137,0.0027903001755476
0.0027448206674307585,0.0027902661822736263
0.0027447885368019342,0.0027902317233383656
0.0027447561733424664,0.002790197730064392
0.0027447224128991365,0.0027901637367904186
0.0027446895837783813,0.0027901316061615944
0.0027446579188108444,0.002790098777040839
0.0027446248568594456,0.0027900636196136475
0.0027445917949080467,0.00279002683237195
0.0027445596642792225,0.0027899935375899076
0.0027445268351584673,0.0027899628039449453
0.002744494006037712,0.002789932768791914
0.002744461875408888,0.0027898966800421476
0.0027444283477962017,0.0027898584958165884
0.00274439575150609,0.002789826365187764
0.0027443631552159786,0.0027897984255105257
0.0027443307917565107,0.0027897630352526903
0.002744298195466399,0.0027897243853658438
0.0027442651335150003,0.002789689926430583
0.0027442313730716705,0.0027896647807210684
0.0027441990096122026,0.0027896289248019457
0.0027441661804914474,0.0027895888779312372
0.0027441333513706923,0.002789558144286275
0.0027441002894192934,0.0027895295061171055
0.0027440672274678946,0.002789494814351201
0.0027440343983471394,0.002789453836157918
0.0027440020348876715,0.002789422171190381
0.0027439685072749853,0.002789396094158292
0.0027439361438155174,0.0027893632650375366
0.0027439033146947622,0.0027893243823200464
0.0027438709512352943,0.002789286896586418
0.0027438364923000336,0.0027892556972801685
0.002743803896009922,0.002789229154586792
0.0027437706012278795,0.0027891932986676693
0.0027437391690909863,0.0027891527861356735
0.0027437065728008747,0.0027891211211681366
0.002743673278018832,0.0027890908531844616
0.002743640448898077,0.002789060352370143
0.0027436083182692528,0.002789024729281664
0.0027435743249952793,0.002788987010717392
0.0027435426600277424,0.0027889537159353495
0.0027435084339231253,0.002788923215121031
0.0027434765361249447,0.0027888931799679995
0.002743443474173546,0.0027888568583875895
0.002743411110714078,0.0027888184413313866
0.0027433792129158974,0.002788785146549344
0.002743345685303211,0.00278875813819468
0.002743312856182456,0.0027887255419045687
0.002743280492722988,0.0027886878233402967
0.0027432474307715893,0.0027886515017598867
0.0027432164642959833,0.0027886205352842808
0.0027431820053607225,0.0027885865420103073
0.0027431498747318983,0.0027885546442121267
0.002743115881457925,0.0027885213494300842
0.002743083517998457,0.002788485260680318
0.002743050456047058,0.0027884477749466896
0.0027430185582488775,0.002788417972624302
0.002742985961958766,0.002788389567285776
0.0027429519686847925,0.002788355341181159
0.0027429198380559683,0.002788316924124956
0.0027428865432739258,0.0027882838621735573
0.0027428537141531706,0.002788251033052802
0.002742820419371128,0.0027882191352546215
0.002742788754403591,0.0027881856076419353
0.0027427554596215487,0.002788152080029249
0.002742721466347575,0.0027881180867552757
0.0027426902670413256,0.0027880812995135784
0.0027426581364125013,0.0027880510315299034
0.0027426250744611025,0.0027880214620381594
0.002742591081187129,0.002787983976304531
0.002742558717727661,0.002787951845675707
0.002742527052760124,0.002787918783724308
0.0027424939908087254,0.0027878840919584036
0.0027424609288573265,0.0027878503315150738
0.002742430195212364,0.0027878177352249622
0.0027423964347690344,0.002787784906104207
0.002742365002632141,0.0027877497486770153
0.002742332173511386,0.00278771691955626
0.0027422993443906307,0.0027876836247742176
0.0027422672137618065,0.0027876528911292553
0.002742233220487833,0.0027876149397343397
0.002742201555520296,0.002787580480799079
0.002742169424891472,0.0027875518426299095
0.0027421365957707167,0.0027875176165252924
0.002742103300988674,0.0027874826919287443
0.002742070471867919,0.002787449397146702
0.002742038806900382,0.0027874168008565903
0.0027420062106102705,0.002787381876260042
0.0027419731486588717,0.002787345554679632
0.002741938689723611,0.0027873164508491755
0.0027419065590947866,0.0027872826904058456
0.0027418748941272497,0.002787249628454447
0.0027418413665145636,0.0027872121427208185
0.002741809468716383,0.002787182340398431
0.002741775941103697,0.002787150675430894
0.002741743577644229,0.0027871166821569204
0.00274171051569283,0.002787083387374878
0.002741678385064006,0.0027870498597621918
0.0027416448574513197,0.0027870144695043564
0.002741611795499921,0.0027869807090610266
0.002741578733548522,0.002786948112770915
0.0027415466029196978,0.0027869169134646654
0.002741513540968299,0.002786884782835841
0.0027414816431701183,0.0027868475299328566
0.002741449512541294,0.0027868167962878942
0.0027414183132350445,0.0027867841999977827
0.0027413845527917147,0.0027867471799254417
0.0027413528878241777,0.0027867178432643414
0.002741321222856641,0.0027866840828210115
0.00274128676392138,0.0027866505552083254
0.002741254400461912,0.0027866174932569265
0.0027412211056798697,0.002786581637337804
0.002741189207881689,0.0027865481097251177
0.002741156844422221,0.0027865141164511442
0.002741123316809535,0.002786481287330389
0.0027410918846726418,0.002786450320854783
0.00274105928838253,0.002786415396258235
0.0027410262264311314,0.002786381170153618
0.002740994095802307,0.002786346012726426
0.002740960568189621,0.0027863141149282455
0.0027409284375607967,0.002786283614113927
0.0027408963069319725,0.002786250552162528
0.00274086045101285,0.0027862158603966236
0.0027408290188759565,0.002786183962598443
0.0027407952584326267,0.002786150900647044
0.002740762196481228,0.0027861150447279215
0.0027407289016991854,0.002786081051453948
0.0027406972367316484,0.0027860498521476984
0.0027406634762883186,0.0027860153932124376
0.0027406327426433563,0.0027859830297529697
0.0027406003791838884,0.002785952528938651
0.0027405673172324896,0.002785916207358241
0.002740535419434309,0.002785883378237486
0.0027405007276684046,0.0027858507819473743
0.0027404692955315113,0.0027858188841491938
0.0027404366992413998,0.0027857839595526457
0.0027404034044593573,0.002785750664770603
0.0027403717394918203,0.002785717835649848
0.0027403407730162144,0.002785684308037162
0.002740306779742241,0.0027856510132551193
0.0027402748819440603,0.002785618184134364
0.002740242751315236,0.0027855841908603907
0.0027402101550251245,0.0027855520602315664
0.0027401780243963003,0.0027855192311108112
0.002740144729614258,0.002785484539344907
0.0027401128318160772,0.0027854477521032095
0.0027400797698646784,0.0027854167856276035
0.0027400462422519922,0.0027853851206600666
0.002740014111623168,0.0027853541541844606
0.002739981282502413,0.002785316901281476
0.0027399491518735886,0.002785285236313939
0.0027399163227528334,0.002785253105685115
0.002739884424954653,0.002785220742225647
0.0027398501988500357,0.0027851855847984552
0.0027398178353905678,0.0027851504273712635
0.0027397845406085253,0.002785121789202094
0.0027397519443184137,0.0027850877959281206
0.002739719580858946,0.0027850514743477106
0.002739687217399478,0.0027850198093801737
0.0027396546211093664,0.0027849888429045677
0.002739621326327324,0.0027849548496305943
0.0027395891956984997,0.002784920856356621
0.0027395563665777445,0.0027848866302520037
0.0027395226061344147,0.0027848572935909033
0.0027394916396588087,0.0027848207391798496
0.00273945857770741,0.00278478697873652
0.0027394257485866547,0.0027847588062286377
0.002739394549280405,0.0027847245801240206
0.002739361487329006,0.0027846889570355415
0.0027393281925469637,0.0027846540324389935
0.002739295829087496,0.002784624695777893
0.002739264629781246,0.002784587675705552
0.002739232499152422,0.0027845557779073715
0.0027391999028623104,0.002784526674076915
0.002739166608080268,0.002784491516649723
0.0027391337789595127,0.002784453798085451
0.002739102113991976,0.002784423064440489
0.0027390692848712206,0.0027843930292874575
0.0027390383183956146,0.0027843599673360586
0.002739004325121641,0.0027843224816024303
0.002738972892984748,0.002784293843433261
0.002738939132541418,0.0027842563576996326
0.002738907001912594,0.0027842246927320957
0.0027388751041144133,0.0027841958217322826
0.0027388413436710835,0.0027841590344905853
0.002738810144364834,0.002784124808385968
0.0027387754525989294,0.002784094074741006
0.002738744020462036,0.002784064272418618
0.0027387114241719246,0.0027840256225317717
0.0027386778965592384,0.002783992327749729
0.002738645300269127,0.0027839606627821922
0.0027386141009628773,0.0027839296963065863
0.002738580573350191,0.0027838938403874636
0.002738549141213298,0.002783860545605421
0.0027385151479393244,0.0027838307432830334
0.002738483250141144,0.002783798612654209
0.0027384506538510323,0.0027837620582431555
0.0027384173590689898,0.0027837299276143312
0.0027383845299482346,0.0027836936060339212
0.0027383535634726286,0.002783661475405097
0.0027383207343518734,0.0027836316730827093
0.0027382883708924055,0.0027835953515022993
0.002738257171586156,0.002783560659736395
0.0027382259722799063,0.002783531555905938
0.002738193841651082,0.0027835022192448378
0.002738162176683545,0.002783464966341853
0.0027381277177482843,0.0027834284119307995
0.0027380960527807474,0.002783398609608412
0.002738062757998705,0.002783368108794093
0.002738030394539237,0.002783335978165269
0.002737998263910413,0.002783295465633273
0.0027379642706364393,0.0027832635678350925
0.0027379333041608334,0.0027832412160933018
0.0027379009407013655,0.002783203264698386
0.002737869042903185,0.002783161820843816
0.002737835282459855,0.002783131552860141
0.0027378040831536055,0.002783105941489339
0.002737769391387701,0.002783071016892791
0.002737737260758877,0.002783034462481737
0.00273770559579134,0.002783001633360982
0.0027376727666705847,0.0027829729951918125
0.0027376406360417604,0.00278293970040977
0.0027376078069210052,0.0027829031459987164
0.0027375745121389627,0.002782870549708605
0.002737542847171426,0.0027828423772007227
0.0027375107165426016,0.0027828109450638294
0.0027374776545912027,0.0027827720623463392
0.002737444592639804,0.00278273387812078
0.0027374124620109797,0.00278271222487092
0.0027373796328902245,0.002782677998766303
0.0027373479679226875,0.0027826407458633184
0.0027373165357857943,0.002782606054097414
0.002737283706665039,0.0027825795114040375
0.0027372511103749275,0.002782544819638133
0.002737219911068678,0.0027825080323964357
0.0027371877804398537,0.002782472874969244
0.002737157279625535,0.0027824484277516603
0.0027371221221983433,0.002782415598630905
0.002737089293077588,0.0027823762502521276
0.0027370573952794075,0.002782342955470085
0.002737025497481227,0.0027823131531476974
0.0027369919698685408,0.002782281022518873
0.0027369617018848658,0.002782251685857773
0.0027369284071028233,0.0027822130359709263
0.002736895577982068,0.002782179042696953
0.002736863447353244,0.0027821494732052088
0.002736831782385707,0.002782118273898959
0.0027367989532649517,0.0027820789255201817
0.002736767753958702,0.002782050985842943
0.002736734924837947,0.0027820239774882793
0.002736699767410755,0.00278198323212564
0.002736669033765793,0.0027819436509162188
0.002736635971814394,0.002781918505206704
0.002736602909862995,0.0027818898670375347
0.002736571477726102,0.002781851449981332
0.002736539114266634,0.002781818388029933
0.0027365069836378098,0.0027817871887236834
0.0027364741545170546,0.002781759249046445
0.0027364431880414486,0.0027817245572805405
0.002736408729106188,0.0027816882357001305
0.00273637636564672,0.002781655639410019
0.0027363437693566084,0.002781625371426344
0.002736311871558428,0.0027815939392894506
0.00273627950809896,0.0027815585490316153
0.002736246446147561,0.0027815252542495728
0.0027362152468413115,0.0027814959175884724
0.0027361826505512,0.002781463786959648
0.0027361512184143066,0.0027814239729195833
0.0027361188549548388,0.0027813934721052647
0.002736086258664727,0.002781365532428026
0.002736055525019765,0.002781334100291133
0.002736022463068366,0.0027812952175736427
0.0027359898667782545,0.0027812595944851637
0.0027359575033187866,0.0027812325861305
0.002735925605520606,0.002781201619654894
0.002735892543569207,0.0027811648324131966
0.0027358608786016703,0.002781129442155361
0.0027358289808034897,0.002781098708510399
0.002735797083005309,0.002781069139018655
0.002735764253884554,0.002781034680083394
0.0027357321232557297,0.0027809974271804094
0.0027356999926269054,0.002780969487503171
0.002735665300861001,0.0027809403836727142
0.0027356338687241077,0.0027809059247374535
0.00273560150526464,0.002780865877866745
0.002735569141805172,0.002780838869512081
0.0027355363126844168,0.0027808116283267736
0.002735503250733018,0.00278077507391572
0.002735472284257412,0.0027807364240288734
0.0027354389894753695,0.002780709881335497
0.0027354061603546143,0.0027806770522147417
0.0027353737968951464,0.0027806402649730444
0.0027353435289114714,0.0027806090656667948
0.0027353097684681416,0.002780582057312131
0.0027352767065167427,0.00278054759837687
0.0027352457400411367,0.002780509414151311
0.0027352124452590942,0.0027804779820144176
0.0027351807802915573,0.0027804484125226736
0.002735147951170802,0.0027804134879261255
0.002735115820541978,0.0027803813572973013
0.0027350846212357283,0.0027803510893136263
0.002735053189098835,0.0027803140692412853
0.00273502035997808,0.002780280541628599
0.002734987996518612,0.0027802528347820044
0.0027349565643817186,0.002780221402645111
0.002734923968091607,0.0027801846154034138
0.002734891604632139,0.0027801517862826586
0.0027348597068339586,0.00278012128546834
0.0027348266448825598,0.0027800907846540213
0.0027347940485924482,0.0027800584211945534
0.0027347635477781296,0.0027800214011222124
0.002734730252996087,0.0027799897361546755
0.002734697889536619,0.0027799573726952076
0.002734665758907795,0.0027799278032034636
0.0027346329297870398,0.00277989380992949
0.0027346014976501465,0.0027798598166555166
0.0027345679700374603,0.002779825823381543
0.002734534442424774,0.0027797971852123737
0.0027345027774572372,0.0027797650545835495
0.0027344715781509876,0.0027797312941402197
0.0027344387490302324,0.0027796959038823843
0.002734406851232052,0.0027796661015599966
0.0027343740221112967,0.0027796344365924597
0.002734342822805047,0.002779603935778141
0.002734309295192361,0.0027795671485364437
0.0027342773973941803,0.002779533853754401
0.0027342450339347124,0.0027795052155852318
0.0027342133689671755,0.0027794744819402695
0.002734181471168995,0.0027794353663921356
0.002734149107709527,0.0027794030029326677
0.00273411744274199,0.002779375296086073
0.0027340855449438095,0.0027793459594249725
0.002734054811298847,0.0027793028857558966
0.0027340224478393793,0.0027792721521109343
0.0027339898515492678,0.0027792477048933506
0.0027339570224285126,0.0027792095206677914
0.0027339267544448376,0.0027791738975793123
0.0027338932268321514,0.002779145259410143
0.002733861329033971,0.002779115457087755
0.0027338291984051466,0.002779080532491207
0.002733795903623104,0.002779047703370452
0.002733765169978142,0.0027790158055722713
0.0027337318751960993,0.0027789820451289415
0.0027337002102285624,0.0027789517771452665
0.002733667381107807,0.0027789180167019367
0.002733633853495121,0.0027788851875811815
0.0027336024213582277,0.0027788549195975065
0.002733570756390691,0.002778820227831602
0.002733538392931223,0.0027787908911705017
0.0027335062623023987,0.0027787594590336084
0.002733473666012287,0.0027787196449935436
0.002733442233875394,0.0027786896098405123
0.002733408473432064,0.0027786672580987215
0.0027333765756338835,0.0027786281425505877
0.0027333437465131283,0.0027785897254943848
0.0027333120815455914,0.002778559923171997
0.0027332811150699854,0.0027785294223576784
0.002733248984441161,0.0027785005513578653
0.0027332170866429806,0.0027784674894064665
0.0027331851888448,0.002778431633487344
0.002733153523877263,0.0027783990371972322
0.00273312209174037,0.0027783720288425684
0.0027330899611115456,0.002778333844617009
0.0027330575976520777,0.0027783021796494722
0.0027330261655151844,0.002778266789391637
0.002732994267717004,0.0027782386168837547
0.0027329614385962486,0.002778208116069436
0.0027329300064593554,0.002778172492980957
0.0027328976429998875,0.0027781426906585693
0.0027328648138791323,0.0027781117241829634
0.0027328324504196644,0.0027780758682638407
0.0027328007854521275,0.00277804397046566
0.002732768887653947,0.0027780127711594105
0.0027327360585331917,0.0027779792435467243
0.002732704859226942,0.002777947811409831
0.0027326729614287615,0.002777914283797145
0.00273264036513865,0.0027778861112892628
0.0027326082345098257,0.0027778525836765766
0.0027325742412358522,0.0027778164949268103
0.0027325430419296026,0.0027777859941124916
0.0027325116097927094,0.002777755493298173
0.0027324806433171034,0.0027777242939919233
0.0027324464172124863,0.002777690766379237
0.0027324145194143057,0.0027776556089520454
0.0027323823887854815,0.0027776265051215887
0.0027323502581566572,0.00277759344317019
0.002732316730543971,0.002777558285742998
0.002732285764068365,0.0027775291819125414
0.002732254099100828,0.00277749658562243
0.0027322208043187857,0.0027774630580097437
0.002732189605012536,0.0027774320915341377
0.0027321581728756428,0.0027774011250585318
0.0027321267407387495,0.0027773708570748568
0.0027320955414325,0.0027773361653089523
0.0027320629451423883,0.0027773010078817606
0.0027320312801748514,0.002777272602543235
0.00273199868388474,0.002777239540591836
0.0027319674845784903,0.002777203917503357
0.002731934655457735,0.002777172951027751
0.002731903223320842,0.0027771424502134323
0.0027318717911839485,0.0027771119493991137
0.0027318396605551243,0.002777073998004198
0.0027318079955875874,0.002777044428512454
0.0027317756321281195,0.0027770146261900663
0.0027317439671605825,0.002776982029899955
0.002731712767854333,0.002776946872472763
0.0027316792402416468,0.0027769142761826515
0.002731647342443466,0.0027768858708441257
0.002731615910306573,0.0027768551371991634
0.002731580985710025,0.002776823006570339
0.002731550019234419,0.002776785520836711
0.0027315181214362383,0.002776753855869174
0.0027314862236380577,0.0027767284773290157
0.002731453627347946,0.0027766930870711803
0.0027314212638884783,0.002776660956442356
0.002731390530243516,0.0027766257990151644
0.0027313572354614735,0.0027765952982008457
0.0027313248720020056,0.0027765657287091017
0.0027312939055263996,0.0027765315026044846
0.0027312617748975754,0.002776495646685362
0.002731229877099395,0.0027764677070081234
0.0027311991434544325,0.0027764367405325174
0.0027311667799949646,0.0027764057740569115
0.002731134882196784,0.0027763687539845705
0.002731103217229247,0.0027763396501541138
0.002731070853769779,0.0027763114776462317
0.0027310389559715986,0.002776277018710971
0.0027310061268508434,0.0027762383688241243
0.0027309765573590994,0.002776211127638817
0.0027309434954077005,0.002776180626824498
0.0027309125289320946,0.0027761461678892374
0.0027308794669806957,0.0027761145029217005
0.002730847802013159,0.00277608260512352
0.0027308156713843346,0.002776048146188259
0.0027307840064167976,0.002776022534817457
0.002730752108618617,0.002775986213237047
0.0027307202108204365,0.002775952685624361
0.0027306878473609686,0.0027759240474551916
0.0027306557167321444,0.0027758905198425055
0.0027306240517646074,0.002775858622044325
0.002730591921135783,0.002775826957076788
0.0027305602561682463,0.002775792498141527
0.002730528125539422,0.0027757638599723577
0.002730495296418667,0.0027757310308516026
0.0027304631657898426,0.0027756989002227783
0.0027304315008223057,0.0027756672352552414
0.0027304005343466997,0.0027756381314247847
0.0027303670067340136,0.002775599481537938
0.0027303360402584076,0.002775573404505849
0.0027303039096295834,0.0027755408082157373
0.002730271779000759,0.0027755084447562695
0.002730240114033222,0.0027754735201597214
0.002730207284912467,0.0027754437178373337
0.002730176318436861,0.0027754115872085094
0.002730143489316106,0.0027753817848861217
0.002730113221332431,0.0027753482572734356
0.002730081556364894,0.0027753140311688185
0.0027300501242280006,0.002775284694507718
0.0027300184592604637,0.0027752534952014685
0.002729985397309065,0.0027752199675887823
0.0027299553621560335,0.002775185974314809
0.0027299229986965656,0.0027751587331295013
0.0027298915665596724,0.0027751235757023096
0.002729858737438917,0.002775088418275118
0.002729827770963311,0.002775064669549465
0.002729796338826418,0.0027750309091061354
0.0027297651395201683,0.0027749936562031507
0.0027297332417219877,0.002774966647848487
0.0027297004126012325,0.0027749352157115936
0.002729669213294983,0.0027748984284698963
0.0027296377811580896,0.0027748735155910254
0.0027296054176986217,0.0027748378925025463
0.002729573752731085,0.002774801105260849
0.002729539293795824,0.0027747780550271273
0.0027295087929815054,0.0027747454587370157
0.00272947596386075,0.0027747047133743763
0.002729445695877075,0.0027746837586164474
0.0027294140309095383,0.002774650463834405
0.002729381900280714,0.002774611348286271
0.0027293500024825335,0.0027745855040848255
0.0027293171733617783,0.0027745531406253576
0.002729286439716816,0.0027745154220610857
0.0027292536105960608,0.0027744907420128584
0.002729222644120455,0.0027744602411985397
0.002729191444814205,0.0027744220569729805
0.0027291588485240936,0.0027743959799408913
0.002729127649217844,0.0027743654791265726
0.0027290957514196634,0.0027743231039494276
0.0027290629222989082,0.002774298656731844
0.002729030791670084,0.0027742688544094563
0.0027290009893476963,0.0027742302045226097
0.0027289693243801594,0.002774203661829233
0.002728937193751335,0.0027741705998778343
0.0027289059944450855,0.002774137770757079
0.0027288736309856176,0.002774107037112117
0.002728842431679368,0.0027740788646042347
0.0027288112323731184,0.0027740418445318937
0.002728779334574938,0.002774010179564357
0.0027287479024380445,0.002773982472717762
0.002728716703131795,0.0027739512734115124
0.0027286838740110397,0.002773917280137539
0.00272865267470479,0.002773885615170002
0.002728621242567897,0.0027738534845411777
0.002728588879108429,0.002773819724097848
0.0027285574469715357,0.0027737924829125404
0.002728524850681424,0.0027737587224692106
0.002728493185713887,0.002773721469566226
0.0027284615207463503,0.0027736963238567114
0.0027284305542707443,0.0027736681513488293
0.00272839842364192,0.002773630665615201
0.002728366293013096,0.0027735994663089514
0.002728334628045559,0.0027735696639865637
0.002728302963078022,0.0027735356707125902
0.0027282715309411287,0.0027735065668821335
0.002728239865973592,0.0027734737377613783
0.0027282072696834803,0.002773446962237358
0.0027281749062240124,0.0027734104078263044
0.0027281439397484064,0.002773383166640997
0.0027281115762889385,0.002773348707705736
0.0027280801441520452,0.0027733135502785444
0.0027280491776764393,0.0027732879389077425
0.0027280189096927643,0.002773251384496689
0.0027279865462332964,0.0027732180897146463
0.0027279548812657595,0.0027731943409889936
0.0027279232162982225,0.0027731566224247217
0.0027278910856693983,0.0027731251902878284
0.002727860352024436,0.002773096552118659
0.0027278284542262554,0.0027730646543204784
0.002727798419073224,0.002773028565570712
0.0027277653571218252,0.00277300295419991
0.0027277341578155756,0.0027729691937565804
0.002727702260017395,0.0027729307767003775
0.002727670595049858,0.0027729086577892303
0.002727638464421034,0.002772871870547533
0.0027276070322841406,0.002772843698039651
0.0027275756001472473,0.002772814594209194
0.0027275437023490667,0.0027727733831852674
0.002727510640397668,0.002772749401628971
0.002727478975430131,0.002772724023088813
0.002727447310462594,0.002772682812064886
0.00272741517983377,0.00277265184558928
0.002727383514866233,0.002772626234218478
0.0027273523155599833,0.0027725957334041595
0.0027273213490843773,0.002772555686533451
0.002727289218455553,0.0027725272811949253
0.002727256854996085,0.0027724974788725376
0.002727224724367261,0.0027724604588001966
0.0027271935250610113,0.002772436710074544
0.0027271625585854053,0.0027724038809537888
0.002727131126448512,0.002772364066913724
0.002727100159972906,0.0027723449748009443
0.002727068495005369,0.002772313542664051
0.0027270379941910505,0.0027722716331481934
0.002727005397900939,0.0027722460217773914
0.0027269732672721148,0.0027722155209630728
0.0027269432321190834,0.0027721826918423176
0.002726911334320903,0.00277215545065701
0.002726879669353366,0.0027721181977540255
0.0027268475387245417,0.002772084204480052
0.002726817037910223,0.0027720630168914795
0.0027267851401120424,0.0027720266953110695
0.00272675440646708,0.0027719950303435326
0.002726722275838256,0.0027719640638679266
0.0027266903780400753,0.0027719263453036547
0.002726659644395113,0.002771900035440922
0.0027266284450888634,0.002771875122562051
0.002726595848798752,0.0027718362398445606
0.0027265644166618586,0.00277180434204638
0.0027265327516943216,0.00277178012765944
0.0027265010867267847,0.002771741710603237
0.0027264689560979605,0.002771710744127631
0.0027264372911304235,0.002771682571619749
0.0027264051605015993,0.0027716481126844883
0.0027263748925179243,0.0027716222684830427
0.002726341364905238,0.002771589672192931
0.002726310398429632,0.002771552186459303
0.0027262794319540262,0.00277152587659657
0.0027262475341558456,0.0027714925818145275
0.0027262151706963778,0.0027714590542018414
0.0027261856012046337,0.0027714287862181664
0.002726153703406453,0.002771400148048997
0.002726122038438916,0.0027713715098798275
0.002726091770455241,0.0027713363524526358
0.0027260605711489916,0.0027713009621948004
0.0027260289061814547,0.0027712779119610786
0.002725996309891343,0.0027712457813322544
0.002725966740399599,0.002771205734461546
0.0027259360067546368,0.002771180821582675
0.0027259038761258125,0.00277115311473608
0.0027258729096502066,0.002771117025986314
0.0027258405461907387,0.0027710848953574896
0.00272581004537642,0.0027710581198334694
0.002725779078900814,0.0027710224967449903
0.002725746016949415,0.0027709947898983955
0.002725716447457671,0.0027709626592695713
0.0027256831526756287,0.0027709268033504486
0.0027256521862000227,0.0027709000278264284
0.0027256207540631294,0.0027708744164556265
0.0027255897875875235,0.002770832506939769
0.0027255581226199865,0.002770807361230254
0.002725526923313737,0.0027707761619240046
0.002725493861362338,0.002770740306004882
0.002725462894886732,0.0027707137633115053
0.002725431928411126,0.0027706825640052557
0.00272540096193552,0.002770647406578064
0.0027253697626292706,0.002770621795207262
0.0027253373991698027,0.0027705880347639322
0.002725306199863553,0.002770557999610901
0.002725273370742798,0.0027705265674740076
0.002725242404267192,0.002770493971183896
0.002725210739299655,0.0027704620733857155
0.0027251809369772673,0.0027704318054020405
0.0027251476421952248,0.002770401071757078
0.002725118538364768,0.0027703712694346905
0.0027250873390585184,0.00277033937163651
0.0027250556740909815,0.0027703088708221912
0.0027250235434621572,0.0027702772058546543
0.0027249944396317005,0.0027702474035322666
0.0027249634731560946,0.0027702145744115114
0.0027249327395111322,0.0027701836079359055
0.0027249001432210207,0.0027701547369360924
0.0027248680125921965,0.00277012144215405
0.0027248370461165905,0.0027700888458639383
0.002724806312471628,0.0027700590435415506
0.0027247751131653786,0.002770032035186887
0.002724743913859129,0.0027699980419129133
0.0027247117832303047,0.0027699696365743876
0.002724680583924055,0.002769928425550461
0.002724649617448449,0.0027699049096554518
0.0027246172539889812,0.002769879996776581
0.0027245881501585245,0.0027698397170752287
0.002724556252360344,0.0027698075864464045
0.002724524587392807,0.002769783139228821
0.0027244931552559137,0.0027697463519871235
0.002724461257457733,0.002769719809293747
0.0027244293596595526,0.0027696911711245775
0.0027243965305387974,0.0027696555480360985
0.002724366495385766,0.0027696287725120783
0.002724334830418229,0.0027695961762219667
0.0027243029326200485,0.0027695652097463608
0.0027242712676525116,0.0027695302851498127
0.0027242409996688366,0.002769501181319356
0.0027242088690400124,0.002769469516351819
0.0027241792995482683,0.0027694415766745806
0.002724147867411375,0.0027694087475538254
0.0027241164352744818,0.002769375452771783
0.0027240857016295195,0.0027693472802639008
0.002724053105339408,0.002769314916804433
0.002724022837355733,0.0027692848816514015
0.0027239923365414143,0.002769256243482232
0.0027239611372351646,0.002769222715869546
0.0027239297050982714,0.002769192447885871
0.0027238994371145964,0.0027691638097167015
0.002723867539316416,0.0027691307477653027
0.0027238368056714535,0.0027691007126122713
0.002723804907873273,0.002769067883491516
0.0027237741742283106,0.00276903435587883
0.0027237432077527046,0.002769011538475752
0.0027237129397690296,0.0027689780108630657
0.0027236805763095617,0.002768939593806863
0.002723649377003312,0.0027689184062182903
0.0027236174792051315,0.0027688865084201097
0.002723586279898882,0.002768848091363907
0.0027235555462539196,0.002768824342638254
0.0027235241141170263,0.00276879221200943
0.0027234917506575584,0.0027687542606145144
0.0027234607841819525,0.002768732840195298
0.0027234286535531282,0.0027686983812600374
0.0027233981527388096,0.002768666949123144
0.0027233671862632036,0.0027686378452926874
0.002723336685448885,0.0027686089742928743
0.0027233052533119917,0.0027685773093253374
0.0027232735883444548,0.0027685437817126513
0.002723242621868849,0.0027685121167451143
0.002723211655393243,0.0027684858068823814
0.002723179990425706,0.0027684548404067755
0.0027231487911194563,0.00276841688901186
0.0027231182903051376,0.0027683901134878397
0.0027230873238295317,0.0027683621738106012
0.002723056124523282,0.0027683251537382603
0.002723024459555745,0.0027682988438755274
0.0027229939587414265,0.002768266946077347
0.0027229636907577515,0.002768235746771097
0.002722931792959571,0.0027682106010615826
0.0027229010593146086,0.00276817730627954
0.00272287055850029,0.002768142381682992
0.0027228384278714657,0.0027681151404976845
0.0027228062972426414,0.002768085338175297
0.0027227764949202538,0.0027680520433932543
0.002722744829952717,0.0027680187486112118
0.002722714561969042,0.002767994999885559
0.0027226831298321486,0.0027679642662405968
0.0027226523961871862,0.0027679288759827614
0.002722620964050293,0.0027678976766765118
0.002722589997574687,0.00276787206530571
0.0027225594967603683,0.0027678352780640125
0.0027225289959460497,0.0027678152546286583
0.002722499193623662,0.0027677768375724554
0.002722465433180332,0.002767744939774275
0.0027224349323660135,0.0027677202597260475
0.002722404431551695,0.0027676813770085573
0.0027223723009228706,0.002767661353573203
0.002722341101616621,0.0027676241006702185
0.0027223096694797277,0.0027675877790898085
0.0027222782373428345,0.002767565893009305
0.002722247503697872,0.0027675314340740442
0.002722216071560979,0.0027675062883645296
0.002722185803577304,0.0027674674056470394
0.002722154138609767,0.002767431316897273
0.002722123870626092,0.0027674215380102396
0.0027220931369811296,0.0027673779986798763
0.0027220621705055237,0.0027673467993736267
0.002722031669691205,0.002767313737422228
0.0027220004703849554,0.0027672876603901386
0.002721969736739993,0.0027672694995999336
0.002721940167248249,0.0027672131545841694
0.002721909200772643,0.0027672015130519867
0.002721877535805106,0.0027671577408909798
0.0027218470349907875,0.0027671451680362225
0.002721816301345825,0.002767101163044572
0.0027217846363782883,0.002767064142972231
0.002721753902733326,0.0027670564595609903
0.00272172293625772,0.002767000813037157
0.0027216917369514704,0.0027669912669807673
0.0027216607704758644,0.002766947029158473
0.002721629571169615,0.002766911406069994
0.00272159930318594,0.0027669076807796955
0.002721569500863552,0.0027668385300785303
0.0027215376030653715,0.0027668436523526907
0.002721504308283329,0.0027667894028127193
0.002721474738791585,0.0027667731046676636
0.0027214428409934044,0.0027667449321597815
0.0027214132715016603,0.0027666990645229816
0.002721381140872836,0.0027666829992085695
0.0027213513385504484,0.0027666445821523666
0.002721320139244199,0.002766616176813841
0.0027212894055992365,0.0027665894012898207
0.0027212570421397686,0.002766549587249756
0.002721227239817381,0.0027665337547659874
0.002721196273341775,0.002766492310911417
0.0027211643755435944,0.0027664643712341785
0.0027211352717131376,0.0027664336375892162
0.002721102675423026,0.002766402903944254
0.002721071243286133,0.0027663707733154297
0.002721041440963745,0.0027663467917591333
0.002721010707318783,0.0027663104701787233
0.002720980904996395,0.002766278339549899
0.0027209515683352947,0.0027662573847919703
0.0027209194377064705,0.002766215708106756
0.00272088753990829,0.0027661907952278852
0.002720857737585902,0.002766167977824807
0.0027208267711102962,0.0027661204803735018
0.002720796735957265,0.002766101388260722
0.002720765769481659,0.0027660697232931852
0.002720735501497984,0.0027660371270030737
0.002720705233514309,0.00276601267978549
0.002720673568546772,0.0027659707702696323
0.002720641205087304,0.0027659498155117035
0.002720610937103629,0.002765917219221592
0.002720579504966736,0.002765886951237917
0.0027205501683056355,0.0027658569160848856
0.0027205192018300295,0.002765823621302843
0.0027204863727092743,0.002765798708423972
0.0027204554062336683,0.0027657728642225266
0.0027204244397580624,0.0027657316531986
0.0027203937061131,0.0027657090686261654
0.0027203636709600687,0.0027656746096909046
0.0027203320059925318,0.0027656417805701494
0.002720301039516926,0.0027656187303364277
0.002720271237194538,0.002765582175925374
0.002720240270718932,0.0027655581943690777
0.002720209304243326,0.0027655225712805986
0.0027201783377677202,0.0027654925361275673
0.002720148302614689,0.002765463897958398
0.0027201168704777956,0.002765438985079527
0.0027200866024941206,0.002765400568023324
0.002720055403187871,0.0027653754223138094
0.002720026532188058,0.0027653449214994907
0.002719995565712452,0.0027653148863464594
0.002719963202252984,0.002765282290056348
0.0027199333999305964,0.002765253186225891
0.0027199024334549904,0.002765222452580929
0.002719871699810028,0.002765194745734334
0.0027198418974876404,0.002765159821137786
0.002719811163842678,0.0027651386335492134
0.002719780197367072,0.0027650969568639994
0.0027197496965527534,0.002765079028904438
0.0027197187300771475,0.002765038050711155
0.0027196877636015415,0.0027650105766952038
0.002719656564295292,0.0027649812400341034
0.0027196260634809732,0.002764948643743992
0.0027195950970053673,0.0027649253606796265
0.002719565061852336,0.0027648883406072855
0.0027195336297154427,0.0027648741379380226
0.002719502430409193,0.0027648184914141893
0.0027194716967642307,0.0027648108080029488
0.0027194409631192684,0.0027647661045193672
0.0027194111607968807,0.0027647458482533693
0.002719378797337413,0.002764705568552017
0.002719349227845669,0.002764682751148939
0.0027193184942007065,0.002764646429568529
0.0027192868292331696,0.0027646201197057962
0.002719257492572069,0.002764596836641431
0.0027192258276045322,0.0027645532973110676
0.002719195792451501,0.0027645346708595753
0.002719165524467826,0.0027644969522953033
0.002719135722145438,0.0027644725050777197
0.0027191047556698322,0.00276444130577147
0.0027190737891942263,0.0027644033543765545
0.0027190421242266893,0.0027643810026347637
0.002719012787565589,0.002764351898804307
0.0027189820539206266,0.002764323493465781
0.0027189513202756643,0.0027642857749015093
0.002718921285122633,0.002764260396361351
0.002718890318647027,0.0027642284985631704
0.0027188595850020647,0.0027642082422971725
0.002718829084187746,0.0027641616761684418
0.0027187990490347147,0.0027641409542411566
0.0027187680825591087,0.0027641092892736197
0.0027187387458980083,0.002764082280918956
0.002718706615269184,0.002764054574072361
0.00271867704577744,0.0027640166226774454
0.0027186458464711905,0.002763991244137287
0.002718614647164941,0.002763960277661681
0.002718584844842553,0.002763929544016719
0.002718555275350809,0.0027638988103717566
0.002718522446230054,0.002763866912573576
0.002718492643907666,0.002763845259323716
0.002718462375923991,0.00276381429284811
0.0027184307109564543,0.00276377541013062
0.0027184002101421356,0.0027637530583888292
0.0027183692436665297,0.0027637179009616375
0.0027183392085134983,0.00276369322091341
0.002718309173360467,0.0027636580634862185
0.0027182793710380793,0.0027636319864541292
0.0027182484045624733,0.0027636054437607527
0.0027182179037481546,0.002763572381809354
0.002718187402933836,0.0027635358273983
0.0027181576006114483,0.0027635139413177967
0.0027181270997971296,0.002763483440503478
0.0027180963661521673,0.002763451309874654
0.0027180658653378487,0.0027634226717054844
0.002718036063015461,0.002763388678431511
0.002718007192015648,0.002763374475762248
0.0027179759927093983,0.0027633165009319782
0.0027179454918950796,0.00276331533677876
0.0027179145254194736,0.002763262949883938
0.0027178835589438677,0.002763248048722744
0.002717853058129549,0.0027632052078843117
0.0027178218588232994,0.002763194963335991
0.0027177922893315554,0.002763143740594387
0.0027177606243640184,0.002763133030384779
0.002717730589210987,0.0027630894910544157
0.0027177005540579557,0.0027630669064819813
0.002717670053243637,0.002763028722256422
0.0027176402509212494,0.002763008465990424
0.0027176092844456434,0.002762977033853531
0.00271757785230875,0.0027629430405795574
0.002717547584325075,0.0027629127725958824
0.002717516850680113,0.0027628885582089424
0.002717486582696438,0.002762857126072049
0.002717456081882119,0.0027628177776932716
0.002717427210882306,0.0027628066018223763
0.0027173953130841255,0.002762754447758198
0.002717365510761738,0.0027627486269921064
0.0027173354756087065,0.002762698568403721
0.002717304974794388,0.002762682968750596
0.002717274473980069,0.0027626422233879566
0.0027172439731657505,0.0027626287192106247
0.002717213472351432,0.002762582851573825
0.002717183670029044,0.002762567950412631
0.002717153402045369,0.0027625197544693947
0.0027171229012310505,0.002762513468042016
0.0027170937974005938,0.002762456424534321
0.002717063296586275,0.002762455027550459
0.002717032330110669,0.002762394491583109
0.002717002294957638,0.002762401709333062
0.002716973889619112,0.002762331860139966
0.0027169417589902878,0.002762345364317298
0.002716912655159831,0.002762268064543605
0.0027168814558535814,0.002762290183454752
0.0027168516535311937,0.0027622038032859564
0.002716821851208806,0.0027622387278825045
0.0027167918160557747,0.002762134652584791
0.0027167629450559616,0.0027621909976005554
0.0027167333755642176,0.0027620645705610514
0.0027167026419192553,0.0027621458284556866
0.002716673770919442,0.0027619951870292425
0.002716643735766411,0.002762101823464036
0.0027166169602423906,0.002761927666142583
0.0027165901847183704,0.0027620536275207996
0.0027165645733475685,0.00276185292750597
0.0027165382634848356,0.0027620422188192606
0.002716514514759183,0.002761758165434003
0.0027164940256625414,0.0027620242908596992
0.0027164744678884745,0.0027616822626441717
0.002716461895033717,0.002762045245617628
0.002716456074267626,0.0027615779545158148
0.00271646142937243,0.0027621074113994837
0.0027164791245013475,0.0027614973951131105
0.0027165201026946306,0.0027622461784631014
0.002716591814532876,0.0027614261489361525
0.0027167086955159903,0.0027625171933323145
0.002716883085668087,0.0027614394202828407
0.002717148046940565,0.0027630669064819813
0.002717517549172044,0.0027615888975560665
0.0027180425822734833,0.002764031756669283
0.0027186828665435314,0.0027620731852948666
0.002719488926231861,0.0027654606383293867
0.0027202735655009747,0.002762818243354559
0.002721075899899006,0.0027669661212712526
0.002721525728702545,0.002763462485745549
0.0027217590250074863,0.0027675991877913475
0.0027214570436626673,0.0027633674908429384
0.0027209967374801636,0.002766901860013604
0.0027202593628317118,0.0027627157978713512
0.0027196111623197794,0.00276556727476418
0.002718973672017455,0.002762049902230501
0.0027185373473912477,0.002764508593827486
0.002718207659199834,0.002761679934337735
0.0027180558536201715,0.0027640084736049175
0.002717994386330247,0.0027615362778306007
0.002718093106523156,0.002764073433354497
0.0027182656340301037,0.0027616017032414675
0.0027185885701328516,0.0027645614463835955
0.0027189452666789293,0.0027619183529168367
0.0027194186113774776,0.0027653544675558805
0.0027198134921491146,0.0027623383793979883
0.002720239805057645,0.0027661272324621677
0.002720429329201579,0.002762641292065382
0.0027205729857087135,0.0027664469089359045
0.002720426768064499,0.00276257679797709
0.0027202677447348833,0.0027661717031151056
0.002719900570809841,0.0027622967027127743
0.002719599287956953,0.002765517681837082
0.0027192034758627415,0.00276194023899734
0.002718930132687092,0.002764870412647724
0.0027186493389308453,0.0027616405859589577
0.002718538511544466,0.0027644860092550516
0.0027184656355530024,0.0027615230064839125
0.0027185624931007624,0.0027645172085613012
0.002718675881624222,0.00276156235486269
0.0027189224492758512,0.0027648587711155415
0.0027191308327019215,0.0027617865707725286
0.0027194374706596136,0.002765333279967308
0.0027196179144084454,0.002762013114988804
0.0027198409661650658,0.0027657058089971542
0.0027198600582778454,0.002762127434834838
0.002719894517213106,0.00276575586758554
0.002719711046665907,0.0027620040345937014
0.0027195753064006567,0.0027654683217406273
0.0027192989364266396,0.0027617712039500475
0.0027191336266696453,0.0027650436386466026
0.0027189012616872787,0.0027615639846771955
0.002718811621889472,0.002764734672382474
0.0027186907827854156,0.002761438023298979
0.0027187226805835962,0.0027646361850202084
0.0027187131345272064,0.002761429874226451
0.002718845847994089,0.00276475609280169
0.0027189014945179224,0.002761467592790723
0.002719067269936204,0.002764964010566473
0.0027191140688955784,0.0027615665458142757
0.0027192484121769667,0.0027651165146380663
0.0027192288544028997,0.0027615949511528015
0.002719286596402526,0.0027651467826217413
0.0027191906701773405,0.0027615749277174473
0.00271917344070971,0.002765027806162834
0.002719006733968854,0.002761435927823186
0.002718935254961252,0.0027648236136883497
0.002718754578381777,0.0027612836565822363
0.002718693343922496,0.0027645740192383528
0.00271855597384274,0.0027611569967120886
0.0027185562066733837,0.0027644510846585035
0.002718500094488263,0.0027611153200268745
0.002718570176512003,0.0027644496876746416
0.002718571573495865,0.002761134412139654
0.0027186977677047253,0.0027645763475447893
0.0027187170926481485,0.002761163981631398
0.0027188353706151247,0.0027646957896649837
0.0027188172098249197,0.0027612047269940376
0.0027188733220100403,0.0027647214010357857
0.002718778559938073,0.0027611481491476297
0.00271877134218812,0.0027646180242300034
0.0027186155784875154,0.002761067356914282
0.002718569478020072,0.0027644154615700245
0.002718412782996893,0.0027609302196651697
0.0027183934580534697,0.002764250850304961
0.002718281466513872,0.002760856645181775
0.002718309173360467,0.002764155389741063
0.0027182328049093485,0.002760791452601552
0.002718286355957389,0.002764154691249132
0.002718245377764106,0.00276076584123075
0.002718339441344142,0.0027641833294183016
0.002718329895287752,0.0027607979718595743
0.002718438394367695,0.002764279255643487
0.0027184162754565477,0.0027608105447143316
0.002718506380915642,0.00276432977989316
0.002718439558520913,0.0027608126401901245
0.0027184700593352318,0.002764288801699877
0.0027183527126908302,0.0027607306838035583
0.0027183378115296364,0.002764164237305522
0.002718186005949974,0.002760636154562235
0.00271815643645823,0.0027639782056212425
0.0027180276811122894,0.002760528586804867
0.0027180330362170935,0.002763867611065507
0.0027179366443306208,0.0027604650240391493
0.0027179722674191,0.0027637933380901814
0.002717905677855015,0.00276043638586998
0.0027179711032658815,0.002763788914307952
0.0027179336175322533,0.002760423580184579
0.0027180209290236235,0.0027638296596705914
0.0027179887983947992,0.002760418690741062
0.0027180754113942385,0.00276388693600893
0.00271802069619298,0.002760417992249131
0.0027180903125554323,0.002763879019767046
0.002718007890507579,0.0027604021597653627
0.0027180411852896214,0.0027638238389045
0.0027179305907338858,0.0027603362686932087
0.0027179401367902756,0.0027637346647679806
0.0027178211603313684,0.0027602575719356537
0.0027178397867828608,0.002763626864179969
0.0027177368756383657,0.0027601884212344885
0.0027177678421139717,0.002763556083664298
0.0027176791336387396,0.0027601432520896196
0.0027177208103239536,0.002763505559414625
0.0027176367584615946,0.0027601029723882675
0.0027176844887435436,0.0027634664438664913
0.0027176165021955967,0.0027600706089287996
0.0027176886796951294,0.0027634589932858944
0.0027176348958164454,0.002760061528533697
0.0027177059091627598,0.0027634683065116405
0.002717632567510009,0.0027600442990660667
0.002717688912525773,0.002763445721939206
0.002717604162171483,0.0027600096073001623
0.002717653987929225,0.0027634096331894398
0.002717555034905672,0.0027599663008004427
0.0027175922878086567,0.002763340948149562
0.0027174910064786673,0.0027599073946475983
0.0027175378054380417,0.0027632873971015215
0.002717444207519293,0.0027598696760833263
0.0027174849528819323,0.002763227093964815
0.0027173920534551144,0.0027598326560109854
0.002717444906011224,0.002763180760666728
0.0027173568960279226,0.002759787952527404
0.002717396477237344,0.002763134427368641
0.002717296127229929,0.002759730676189065
0.002717339899390936,0.002763076452538371
0.0027172532863914967,0.0027596813160926104
0.002717308234423399,0.0027630433905869722
0.002717216033488512,0.0027596550062298775
0.002717257011681795,0.0027629875112324953
0.002717162249609828,0.0027596019208431244
0.0027171990368515253,0.002762928605079651
0.002717103809118271,0.0027595567516982555
0.0027171613182872534,0.002762880874797702
0.0027170847170054913,0.002759539522230625
0.0027171492110937834,0.0027628554962575436
0.002717071445658803,0.0027595290448516607
0.0027171175461262465,0.002762814750894904
0.002717004856094718,0.002759468974545598
0.0027170246466994286,0.00276272464543581
0.002716911258175969,0.0027594028506428003
0.0027169485110789537,0.0027626422233879566
0.00271684885956347,0.002759363269433379
0.0027168970555067062,0.00276258890517056
0.0027168074157088995,0.002759308088570833
0.002716864226385951,0.0027625577058643103
0.0027167790103703737,0.0027592757251113653
0.002716853516176343,0.002762541640549898
0.0027167925145477057,0.002759263850748539
0.0027168828528374434,0.002762557240203023
0.0027168297674506903,0.0027592815458774567
0.0027169175446033478,0.0027625763323158026
0.002716830698773265,0.0027592687401920557
0.002716880291700363,0.002762531628832221
0.0027167564257979393,0.0027592277619987726
0.0027167752850800753,0.002762424061074853
0.002716642804443836,0.0027591565158218145
0.0027166586369276047,0.0027623074129223824
0.002716530580073595,0.00275907083414495
0.0027165543287992477,0.002762207528576255
0.0027164423372596502,0.0027590158861130476
0.0027164954226464033,0.00276214093901217
0.002716426271945238,0.0027589958626776934
0.002716519171372056,0.0027621558401733637
0.00271646142937243,0.002759004710242152
0.002716552931815386,0.0027621756307780743
0.002716497052460909,0.0027590179815888405
0.00271660671569407,0.0027622096240520477
0.002716546878218651,0.002759037772193551
0.0027166318614035845,0.0027622273191809654
0.002716522431001067,0.002759003546088934
0.002716552233323455,0.0027621465269476175
0.0027164064813405275,0.0027589204255491495
0.002716416260227561,0.0027620200999081135
0.002716272370889783,0.0027588456869125366
0.002716312650591135,0.0027619050815701485
0.002716221148148179,0.0027588217053562403
0.0027163103222846985,0.0027618997264653444
0.002716256305575371,0.002758848248049617
0.00271637667901814,0.002761922311037779
0.0027163326740264893,0.0027589171659201384
0.002716445829719305,0.00276198354549706
0.0027163808699697256,0.0027589299716055393
0.0027164602652192116,0.002761982614174485
0.0027163575869053602,0.0027589278761297464
0.002716413699090481,0.002761926967650652
0.002716293791308999,0.002758885035291314
0.0027163391932845116,0.0027618466410785913
0.002716207643970847,0.002758857561275363
0.0027162437327206135,0.002761746058240533
0.0027161319740116596,0.0027588193770498037
0.0027161932084709406,0.0027616899460554123
0.002716095419600606,0.002758826594799757
0.0027161852922290564,0.002761655021458864
0.002716115675866604,0.0027588556986302137
0.0027162109035998583,0.002761672716587782
0.0027161347679793835,0.002758863614872098
0.002716241404414177,0.002761685289442539
0.002716159215196967,0.0027588705997914076
0.00271624349988997,0.002761688083410263
0.0027161305770277977,0.0027588324155658484
0.002716190181672573,0.002761635696515441
0.0027160681784152985,0.002758793067187071
0.0027161305770277977,0.0027615767903625965
0.0027160171885043383,0.0027587488293647766
0.0027160863392055035,0.0027615316212177277
0.0027159820310771465,0.0027587534859776497
0.002716061659157276,0.0027614806313067675
0.002715963637456298,0.0027587758377194405
0.002716050948947668,0.0027614550199359655
0.002715959446504712,0.002758795628324151
0.0027160500176250935,0.002761442679911852
0.002715950133278966,0.002758793067187071
0.002716020680963993,0.0027614037971943617
0.00271589239127934,0.0027587716467678547
0.0027159475721418858,0.0027613292913883924
0.002715842565521598,0.0027587434742599726
0.002715934766456485,0.002761317417025566
0.0027158516459167004,0.002758759306743741
0.002715948736295104,0.0027613150887191296
0.0027158563025295734,0.002758789574727416
0.002715957583859563,0.002761307405307889
0.002715870039537549,0.0027588328812271357
0.0027159685268998146,0.00276129599660635
0.0027158749289810658,0.002758882474154234
0.002715977607294917,0.0027612820267677307
0.0027158698067069054,0.002758899237960577
0.0027159571181982756,0.002761255484074354
0.002715849317610264,0.002758922753855586
0.002715932670980692,0.0027612100820988417
0.002715816954150796,0.0027589136734604836
0.0027158979792147875,0.0027611893601715565
0.002715781331062317,0.0027588801458477974
0.002715878188610077,0.0027611583936959505
0.0027157801669090986,0.002758880378678441
0.002715860027819872,0.0027611341793090105
0.0027157210279256105,0.0027588242664933205
0.0027157801669090986,0.002761055948212743
0.002715636510401964,0.002758767455816269
0.002715703099966049,0.0027609788812696934
0.0027155785355716944,0.002758714836090803
0.0027156530413776636,0.0027609269600361586
0.0027155333664268255,0.0027586722280830145
0.0027156248688697815,0.0027608885429799557
0.0027155119460076094,0.0027586359065026045
0.002715587615966797,0.0027608575765043497
0.0027154614217579365,0.002758573740720749
0.0027155450079590082,0.0027608114760369062
0.002715431386604905,0.0027585148345679045
0.0027155305724591017,0.0027608033269643784
0.002715429523959756,0.002758472692221403
0.002715536393225193,0.0027608119416981936
0.0027154076378792524,0.002758424263447523
0.002715455600991845,0.002760730916634202
0.0027152833063155413,0.0027583171613514423
0.002715323818847537,0.0027606170624494553
0.00271516852080822,0.002758211689069867
0.00271524372510612,0.0027605383656919003
0.0027151377871632576,0.00275817746296525
0.0027152609545737505,0.002760544652119279
0.0027151715476065874,0.0027582000475376844
0.0027152926195412874,0.0027605679351836443
0.0027151990216225386,0.0027582210022956133
0.002715309849008918,0.0027605704963207245
0.0027151815593242645,0.002758215880021453
0.002715257927775383,0.0027605232317000628
0.0027151149697601795,0.0027582072652876377
0.0027151822578161955,0.0027604198548942804
0.002715031150728464,0.002758209127932787
0.002715101232752204,0.002760342787951231
0.0027149722445756197,0.0027582417242228985
0.002715079812332988,0.00276028155349195
0.0027149992529302835,0.0027583837509155273
0.002715158509090543,0.002760309027507901
0.0027151196263730526,0.0027586312498897314
0.0027153189294040203,0.0027604042552411556
0.0027152865659445524,0.0027589553501456976
0.0027154816780239344,0.002760485978797078
0.002715440932661295,0.002759308088570833
0.0027156525757163763,0.0027605837676674128
0.0027155857533216476,0.002759701805189252
0.0027157615404576063,0.0027606040239334106
0.00271564326249063,0.0027600626926869154
0.002715780632570386,0.002760539064183831
0.00271562859416008,0.0027603753842413425
0.0027157466392964125,0.0027604294009506702
0.0027155717834830284,0.0027606450021266937
0.0027156774885952473,0.002760270843282342
0.0027154898270964622,0.002760842675343156
0.002715578069910407,0.002760103205218911
0.002715354086831212,0.002760882955044508
0.002715404611080885,0.0027598876040428877
0.0027151566464453936,0.002760726260021329
0.0027151808608323336,0.0027596803847700357
0.002714921487495303,0.002760328585281968
0.0027149158995598555,0.0027595018036663532
0.002714659785851836,0.0027597348671406507
0.0027146681677550077,0.0027593718841671944
0.0027144798077642918,0.002758982125669718
0.0027145775966346264,0.002759475726634264
0.002714509842917323,0.0027582382317632437
0.002714728005230427,0.0027598082087934017
0.002714751986786723,0.002757580019533634
0.0027150576934218407,0.0027603679336607456
0.0027151028625667095,0.002756960690021515
0.002715429523959756,0.0027610277757048607
0.002715498208999634,0.0027564598713070154
0.002715860493481159,0.0027618517633527517
0.0027159845922142267,0.002756209345534444
0.0027164339553564787,0.0027629160322248936
0.0027167820371687412,0.0027565667405724525
0.002717340597882867,0.002764348406344652
0.0027178158052265644,0.002757471986114979
0.002718116622418165,0.0027656075544655323
0.0027182165067642927,0.0027582456823438406
0.0027176986914128065,0.002765434328466654
0.0027169298846274614,0.0027577942237257957
0.0027155918069183826,0.002763255499303341
0.0027142767794430256,0.002756098983809352
0.0027128930669277906,0.0027602140326052904
0.0027118255384266376,0.0027543818578124046
0.0027110823430120945,0.002757968846708536
0.0027107479982078075,0.002753595123067498
0.0027109149377793074,0.002757327863946557
0.0027114825788885355,0.0027541168965399265
0.002712610876187682,0.00275848968885839
0.0027139054145663977,0.0027559155132621527
0.00271552219055593,0.0027608072850853205
0.002716559451073408,0.0027580794412642717
0.002717407187446952,0.0027623444329947233
0.0027171485126018524,0.0027589749079197645
0.002716757357120514,0.0027617369778454304
0.0027156530413776636,0.0027584373019635677
0.002714823465794325,0.002759963506832719
0.002713806927204132,0.0027576014399528503
0.002713230438530445,0.0027583776973187923
0.0027126851491630077,0.0027571599930524826
0.002712599001824856,0.002757634734734893
0.0027125875931233168,0.002757385838776827
0.002712991088628769,0.002757822861894965
0.002713378518819809,0.00275811436586082
0.002714053727686405,0.0027586992364376783
0.0027144383639097214,0.002758830087259412
0.0027149133384227753,0.002759473165497184
0.002714848378673196,0.0027587651275098324
0.0027148115914314985,0.0027595250867307186
0.0027143198531121016,0.002757829846814275
0.002714036963880062,0.0027590261306613684
0.002713539870455861,0.0027567415963858366
0.0027133929543197155,0.0027587036602199078
0.0027131354436278343,0.002755979774519801
0.0027132194954901934,0.0027587395161390305
0.0027131938841193914,0.0027556621935218573
0.002713480032980442,0.0027590852696448565
0.0027135645505040884,0.002755660330876708
0.002713896567001939,0.002759466413408518
0.002713913796469569,0.0027558112051337957
0.0027141126338392496,0.0027596044819802046
0.002713897731155157,0.0027557741850614548
0.0027138348668813705,0.002759329043328762
0.0027134050615131855,0.0027554400730878115
0.0027131724637001753,0.00275873183272779
0.0027126739732921124,0.0027549515943974257
0.002712450921535492,0.002758098067715764
0.002712125424295664,0.002754619112238288
0.0027121263556182384,0.0027577923610806465
0.0027120555751025677,0.0027546256314963102
0.002712300280109048,0.002757930662482977
0.002712426008656621,0.002754916436970234
0.002712825546041131,0.00275835650973022
0.0027130134403705597,0.0027554219122976065
0.0027134232223033905,0.0027588154189288616
0.002713499590754509,0.0027559478767216206
0.0027137636207044125,0.002759042428806424
0.0027136551216244698,0.0027563758194446564
0.002713781548663974,0.0027589467354118824
0.002713593887165189,0.002756758825853467
0.0027136877179145813,0.0027587483637034893
0.0027135293930768967,0.0027572810649871826
0.0027137284632772207,0.002758593764156103
0.002713726134970784,0.002758183516561985
0.0027141114696860313,0.0027587199583649635
0.0027142458129674196,0.002759454073384404
0.0027147780638188124,0.0027590577956289053
0.0027149319648742676,0.0027609511744230986
0.002715455600991845,0.0027594107668846846
0.002715448150411248,0.0027622031047940254
0.002715730108320713,0.0027594571001827717
0.0027153007686138153,0.002762556541711092
0.0027150760870426893,0.002758736489340663
0.0027141785249114037,0.0027615141589194536
0.0027135261334478855,0.0027573842089623213
0.0027124902699142694,0.002759398426860571
0.002711831359192729,0.0027561101596802473
0.0027111535891890526,0.0027572065591812134
0.0027109968941658735,0.002755753230303526
0.0027110320515930653,0.002755836583673954
0.002711647190153599,0.0027567881625145674
0.0027124087791889906,0.0027555986307561398
0.002713666530326009,0.002758945804089308
0.0027146332431584597,0.0027561187744140625
0.002715693088248372,0.002761024748906493
0.002715786686167121,0.0027561867609620094
0.0027156902942806482,0.002761269686743617
0.0027146553620696068,0.0027550500817596912
0.0027136963326483965,0.002759751630946994
0.002712422516196966,0.002753437729552388
0.002711567794904113,0.002757990499958396
0.002710788743570447,0.0027524244505912066
0.0027104555629193783,0.0027570270467549562
0.002710265340283513,0.002752243308350444
0.0027104467153549194,0.0027569446247071028
0.00271069398149848,0.0027526873163878918
0.002711201785132289,0.002757545094937086
0.0027115708217024803,0.0027533273678272963
0.002712046494707465,0.0027582310140132904
0.002712165703997016,0.002753688720986247
0.0027122788596898317,0.0027583949267864227
0.002711960580199957,0.0027534430846571922
0.0027117254212498665,0.002757872687652707
0.002711255569010973,0.0027529143262654543
0.0027110432274639606,0.0027572386898100376
0.0027107761707156897,0.0027526281774044037
0.002710869302973151,0.0027570014353841543
0.002710957545787096,0.0027529518119990826
0.0027114327531307936,0.0027573248371481895
0.002711834851652384,0.002753960434347391
0.002712607616558671,0.0027581360191106796
0.002713148482143879,0.0027555455453693867
0.0027139955200254917,0.0027591073885560036
0.0027143608313053846,0.0027573402039706707
0.0027149564120918512,0.0027597176376730204
0.002714899368584156,0.002758789574727416
0.002715079812332988,0.0027595781721174717
0.0027145915664732456,0.0027595374267548323
0.00271442998200655,0.0027587448712438345
0.0027137603610754013,0.0027595888823270798
0.002713493537157774,0.002757682930678129
0.0027128595393151045,0.0027592270635068417
0.00271263113245368,0.0027567525394260883
0.002712109126150608,0.0027585946954786777
0.0027119487058371305,0.002756141358986497
0.0027115726843476295,0.0027577048167586327
0.0027115477714687586,0.002755932044237852
0.0027113717515021563,0.0027567404322326183
0.002711566397920251,0.002756203059107065
0.002711641136556864,0.002755960216745734
0.0027120879385620356,0.00275696930475533
0.0027123086620122194,0.0027554859407246113
0.002712818095460534,0.0027579483576118946
0.0027128991205245256,0.0027551192324608564
0.0027131459210067987,0.0027585248462855816
0.0027128567453473806,0.0027545439079403877
0.0027127107605338097,0.002758349757641554
0.0027121095918118954,0.0027537327259778976
0.0027117382269352674,0.0027575758285820484
0.0027111091185361147,0.0027529739309102297
0.002710819710046053,0.0027567248325794935
0.002710428088903427,0.002752572763711214
0.0027103947941213846,0.0027562349569052458
0.002710251836106181,0.002752623986452818
0.002710426924750209,0.002756099682301283
0.0027104460168629885,0.00275296438485384
0.0027107030618935823,0.002756216563284397
0.002710682572796941,0.0027533196844160557
0.0027108669746667147,0.0027562540490180254
0.0027107861824333668,0.00275359395891428
0.0027109526563435793,0.002756257774308324
0.0027108972426503897,0.002753905486315489
0.002711154753342271,0.0027563958428800106
0.0027111992239952087,0.0027544426266103983
0.0027115708217024803,0.002756720408797264
0.0027116930577903986,0.002755233319476247
0.0027121391613036394,0.002757141599431634
0.002712245797738433,0.0027561630122363567
0.0027126481290906668,0.0027574633713811636
0.00271259481087327,0.0027569374069571495
0.002712791785597801,0.002757424023002386
0.0027124928310513496,0.0027573334518820047
0.002712485147640109,0.002756947884336114
0.002712064888328314,0.0027573800180107355
0.0027119640726596117,0.0027563231997191906
0.0027115356642752886,0.002757205395027995
0.0027114241383969784,0.0027557378634810448
0.0027110320515930653,0.0027568757068365812
0.002710940083488822,0.002755276393145323
0.002710606437176466,0.0027563946787267923
0.0027105663903057575,0.002755009103566408
0.0027103256434202194,0.002755817025899887
0.0027103994507342577,0.00275499583221972
0.0027103167958557606,0.002755283610895276
0.0027105838526040316,0.002755358349531889
0.002710664877668023,0.0027549131773412228
0.0027110539376735687,0.0027559895534068346
0.0027111631352454424,0.0027546302881091833
0.0027115591801702976,0.0027566675562411547
0.002711548702791333,0.0027542596217244864
0.0027117636054754257,0.0027570712845772505
0.0027115088887512684,0.0027536647394299507
0.0027114711701869965,0.0027570149395614862
0.002711027394980192,0.0027528482023626566
0.0027108523063361645,0.0027566610369831324
0.002710417378693819,0.002752076368778944
0.0027102965395897627,0.0027563341427594423
0.0027099773287773132,0.0027515164110809565
0.0027099670842289925,0.0027561921160668135
0.002709778491407633,0.0027512013912200928
0.002709857653826475,0.0027562074828892946
0.0027097559068351984,0.0027510777581483126
0.0027098827995359898,0.0027563392650336027
0.002709789900109172,0.00275100814178586
0.002709882101044059,0.002756426576524973
0.002709736116230488,0.002750944346189499
0.002709743333980441,0.0027563595212996006
0.0027095393743366003,0.0027507783379405737
0.0027094946708530188,0.0027561690658330917
0.0027092539239674807,0.0027506076730787754
0.0027091752272099257,0.0027558624278753996
0.002708935644477606,0.002750429091975093
0.0027088834904134274,0.0027555355336517096
0.002708690706640482,0.00275034480728209
0.0027087016496807337,0.002755227731540799
0.002708587097004056,0.0027503962628543377
0.00270867464132607,0.002755026565864682
0.0027085936162620783,0.0027505673933774233
0.0027087449561804533,0.002754863817244768
0.0027087449561804533,0.0027509599458426237
0.0027090420480817556,0.0027548756916075945
0.0027092015370726585,0.0027517061680555344
0.00270973052829504,0.002755230525508523
0.0027101205196231604,0.0027530479710549116
0.002710944740101695,0.0027560561429709196
0.0027115733828395605,0.002755147172138095
0.0027126972563564777,0.002757408656179905
0.0027133654803037643,0.002757877577096224
0.002714424626901746,0.0027587255463004112
0.002714557573199272,0.00276018469594419
0.0027149165980517864,0.0027588915545493364
0.00271411775611341,0.0027608098462224007
0.0027136318385601044,0.0027573842089623213
0.0027123657055199146,0.002759754192084074
0.002711592009291053,0.0027553075924515724
0.0027104285545647144,0.0027579518500715494
0.002709719119593501,0.002753582550212741
0.0027087980415672064,0.0027559378650039434
0.002708268817514181,0.002752480795606971
0.002707741456106305,0.002753996988758445
0.002707674400880933,0.002752338768914342
0.0027077682316303253,0.0027527110651135445
0.00270840828306973,0.0027534454129636288
0.002709160326048732,0.0027525308541953564
0.002710373606532812,0.002755617955699563
0.0027112348470836878,0.002753162058070302
0.0027122085448354483,0.0027575844433158636
0.0027122872415930033,0.002753493608906865
0.0027122616302222013,0.0027578433509916067
0.002711361041292548,0.002752776024863124
0.002710574772208929,0.002756362548097968
0.0027094250544905663,0.0027516377158463
0.0027087063062936068,0.0027544882614165545
0.002707999898120761,0.0027510845102369785
0.0027078234124928713,0.0027533785905689
0.0027077377308160067,0.002751452149823308
0.0027081184089183807,0.0027533199172466993
0.0027084711473435163,0.002752558561041951
0.0027091549709439278,0.0027539997827261686
0.002709564520046115,0.0027538251597434282
0.0027101582381874323,0.0027547632344067097
0.0027102630119770765,0.0027546363417059183
0.0027105025947093964,0.002755064982920885
0.0027102737221866846,0.002754757646471262
0.0027103046886622906,0.0027549664955586195
0.002709946595132351,0.0027545082848519087
0.002709911437705159,0.0027547162026166916
0.0027095365803688765,0.002754115965217352
0.0027094976976513863,0.002754412591457367
0.0027091538067907095,0.002753645181655884
0.002709150779992342,0.002754124579951167
0.0027088962960988283,0.002753188833594322
0.0027090057265013456,0.00275398138910532
0.0027088874485343695,0.0027528959326446056
0.0027090716175734997,0.002754031680524349
0.002708935644477606,0.0027526693884283304
0.0027090313378721476,0.002754021203145385
0.00270876195281744,0.002752253320068121
0.0027086958289146423,0.0027538191061466932
0.0027083067689090967,0.0027516018599271774
0.0027081884909421206,0.0027535215485841036
0.0027078757993876934,0.0027509902138262987
0.002707895589992404,0.002753408392891288
0.002707761712372303,0.002750661224126816
0.00270796287804842,0.0027536051347851753
0.0027079801075160503,0.0027506148908287287
0.0027082907035946846,0.0027539872098714113
0.0027083593886345625,0.0027507427148520947
0.002708684653043747,0.0027543934993445873
0.0027086706832051277,0.0027508919592946768
0.002708864165470004,0.0027545501943677664
0.0027086723130196333,0.0027509068604558706
0.002708684653043747,0.0027543501928448677
0.0027083437889814377,0.002750763902440667
0.0027082657907158136,0.0027539157308638096
0.0027079160790890455,0.0027506016194820404
0.002707862760871649,0.0027534684631973505
0.0027076154947280884,0.0027506055776029825
0.002707691164687276,0.0027531953528523445
0.0027075998950749636,0.002750860992819071
0.0027078443672508,0.0027531881351023912
0.0027078832499682903,0.0027513932436704636
0.0027082297019660473,0.0027533762622624636
0.0027083184104412794,0.0027521373704075813
0.002708693267777562,0.0027536230627447367
0.0027087293565273285,0.0027529846411198378
0.0027090508956462145,0.002753770910203457
0.0027090278454124928,0.002753873122856021
0.002709347289055586,0.0027538633439689875
0.0027093379758298397,0.0027548789512366056
0.0027097284328192472,0.0027540193405002356
0.002709760097786784,0.0027560601010918617
0.002710193395614624,0.002754226326942444
0.0027101223822683096,0.0027571427635848522
0.0027103947941213846,0.0027542179450392723
0.002710043452680111,0.002757610520347953
0.0027099698781967163,0.002753692213445902
0.0027092588134109974,0.0027570421807467937
0.002708809683099389,0.002752626081928611
0.002707885345444083,0.0027554535772651434
0.0027072743978351355,0.00275138346478343
0.0027064746245741844,0.0027534151449799538
0.0027061046566814184,0.0027506290934979916
0.0027058166451752186,0.002751742023974657
0.0027060629799962044,0.0027510011568665504
0.0027064792811870575,0.0027509748470038176
0.0027074753306806087,0.0027526835910975933
0.0027084487956017256,0.0027512323576956987
0.002709803404286504,0.0027551206294447184
0.0027105179615318775,0.002751737367361784
0.002711191074922681,0.0027567327488213778
0.002710776636376977,0.002751291962340474
0.002710262080654502,0.002756288507953286
0.002709021558985114,0.0027497506234794855
0.002708024112507701,0.0027546018827706575
0.0027068813797086477,0.0027481860015541315
0.0027061747387051582,0.0027530204970389605
0.0027055847458541393,0.002747434889897704
0.0027054380625486374,0.002752261469140649
0.0027054171077907085,0.002747538033872843
0.002705769147723913,0.0027523760218173265
0.0027061142027378082,0.0027482754085212946
0.0027066832408308983,0.0027530400548130274
0.0027069449424743652,0.002749002305790782
0.0027072173543274403,0.0027534281834959984
0.002706999657675624,0.002749082865193486
0.0027067677583545446,0.002752993255853653
0.002706174273043871,0.0027484488673508167
0.0027057623956352472,0.002752129454165697
0.0027052569203078747,0.002747707301750779
0.002705080434679985,0.002751547610387206
0.002704933751374483,0.002747415332123637
0.002705154474824667,0.002751583931967616
0.002705411287024617,0.0027477359399199486
0.0027060573920607567,0.002752280794084072
0.00270662410184741,0.0027487236075103283
0.002707528416067362,0.0027533716056495905
0.0027081279549747705,0.002750222571194172
0.002708989894017577,0.002754420042037964
0.0027093440294265747,0.0027518337592482567
0.0027099507860839367,0.0027550237718969584
0.0027099212165921926,0.0027532875537872314
0.0027102057356387377,0.0027549893129616976
0.0027098453138023615,0.0027543201576918364
0.0027098339051008224,0.0027543914038687944
0.00270925578661263,0.0027547995559871197
0.0027091163210570812,0.002753441920503974
0.0027085437905043364,0.0027549052610993385
0.002708438551053405,0.002752590924501419
0.0027079724241048098,0.0027547627687454224
0.0027078932616859674,0.0027519615832716227
0.002707450417801738,0.002754253102466464
0.002707307692617178,0.002751449355855584
0.002706842962652445,0.0027532323729246855
0.0027066918555647135,0.002751086838543415
0.00270635774359107,0.0027519508730620146
0.0027064040768891573,0.0027511303778737783
0.0027063596062362194,0.002750933403149247
0.002706743311136961,0.002751783700659871
0.002707003615796566,0.002750470070168376
0.002707657404243946,0.002752966247498989
0.0027079463470727205,0.002750427694991231
0.0027084480971097946,0.0027539702132344246
0.002708340296521783,0.002750233979895711
0.0027083491440862417,0.0027540666051208973
0.0027077305130660534,0.002749572042375803
0.0027073100209236145,0.0027531874366104603
0.0027065163012593985,0.0027486991602927446
0.002706071361899376,0.0027520095463842154
0.0027054983656853437,0.0027481168508529663
0.002705332590267062,0.002751191845163703
0.0027051041834056377,0.0027480777353048325
0.002705247839912772,0.002750920597463846
0.002705258782953024,0.0027484570164233446
0.002705555409193039,0.0027510295622050762
0.002705612685531378,0.0027489608619362116
0.0027059088461101055,0.0027512158267199993
0.0027059053536504507,0.0027494081296026707
0.002706139115616679,0.00275134714320302
0.0027061139699071646,0.0027497815899550915
0.0027063938323408365,0.002751541556790471
0.0027064147870987654,0.0027502875309437513
0.0027067684568464756,0.0027518433053046465
0.002706835512071848,0.002750937594100833
0.0027072292286902666,0.0027522181626409292
0.0027072434313595295,0.0027516239788383245
0.0027075358666479588,0.0027523869648575783
0.0027073717210441828,0.002752091735601425
0.002707506064325571,0.002752233762294054
0.002707206644117832,0.002752247964963317
0.0027072131633758545,0.002751830732449889
0.0027068431954830885,0.00275217043235898
0.0027068096678704023,0.0027513359673321247
0.00270645204000175,0.0027519792784005404
0.0027064005844295025,0.002750902669504285
0.0027060466818511486,0.0027516994159668684
0.0027059626299887896,0.0027504744939506054
0.0027056054677814245,0.002751249587163329
0.002705547958612442,0.002750162035226822
0.0027052867226302624,0.0027507650665938854
0.0027053391095250845,0.0027500640135258436
0.0027052268851548433,0.0027503948658704758
0.002705451799556613,0.0027503001037985086
0.002705493476241827,0.002750186948105693
0.0027058529667556286,0.0027508174534887075
0.002705934224650264,0.002750073093920946
0.0027063030283898115,0.0027513920795172453
0.0027063116431236267,0.00274988217279315
0.0027065679896622896,0.002751815365627408
0.0027064045425504446,0.002749471925199032
0.002706496976315975,0.0027519327122718096
0.0027061779983341694,0.0027488672640174627
0.002706120489165187,0.0027517809066921473
0.002705728868022561,0.0027481275610625744
0.002705649472773075,0.0027515601832419634
0.0027053209487348795,0.002747476566582918
0.0027053349185734987,0.002751464257016778
0.0027051540091633797,0.0027470088098198175
0.0027052867226302624,0.002751638414338231
0.002705199643969536,0.002746753627434373
0.00270538916811347,0.002751922467723489
0.0027053379453718662,0.0027466367464512587
0.0027054965030401945,0.002752235857769847
0.002705388003960252,0.002746493788436055
0.0027054455131292343,0.0027523855678737164
0.0027052422519773245,0.0027463200967758894
0.002705164486542344,0.0027522933669388294
0.0027048878837376833,0.0027460320852696896
0.002704738639295101,0.002752017928287387
0.002704437356442213,0.0027457999531179667
0.0027042620349675417,0.0027515755500644445
0.0027039998676627874,0.0027456204406917095
0.002703869016841054,0.0027511653024703264
0.002703652251511812,0.0027455214876681566
0.0027035612147301435,0.0027507394552230835
0.002703396137803793,0.0027455256786197424
0.0027033595833927393,0.002750380663201213
0.0027032073121517897,0.002745525212958455
0.0027031749486923218,0.002750006038695574
0.002702996600419283,0.0027455489616841078
0.0027029626071453094,0.0027495950926095247
0.0027027984615415335,0.0027455363888293505
0.0027028333861380816,0.002749260514974594
0.002702768426388502,0.002745675155892968
0.0027029889170080423,0.0027491438668221235
0.0027031456120312214,0.0027461827266961336
0.002703671343624592,0.002749501494690776
0.0027041775174438953,0.0027473848313093185
0.002705201506614685,0.0027505706530064344
0.0027061975561082363,0.0027497243136167526
0.0027078138664364815,0.0027526672929525375
0.002709091641008854,0.0027532384265214205
0.002710796892642975,0.002755117369815707
0.0027112949173897505,0.0027564989868551493
0.002711811102926731,0.0027557360008358955
0.0027107105124741793,0.0027571641840040684
0.0027098499704152346,0.0027536186389625072
0.0027081274893134832,0.002755562076345086
0.002707109088078141,0.0027508533094078302
0.0027058743871748447,0.002753765322268009
0.002705258782953024,0.002749056788161397
0.002704466925933957,0.002752300351858139
0.0027040259446948767,0.002748021623119712
0.002703386126086116,0.002750676590949297
0.0027030683122575283,0.0027474432718008757
0.0027027481701225042,0.0027490060310810804
0.0027029088232666254,0.0027477263938635588
0.002703261561691761,0.0027481098659336567
0.00270422687754035,0.002749359467998147
0.0027052389923483133,0.0027485445607453585
0.002706721890717745,0.0027519785799086094
0.0027076478581875563,0.0027497457340359688
0.002708591055124998,0.0027539313305169344
0.0027083635795861483,0.002750104060396552
0.002707991749048233,0.002753511071205139
0.002706660656258464,0.002748977392911911
0.0027055873069912195,0.002751247026026249
0.002704280661419034,0.0027475387323647738
0.0027035486418753862,0.002749144332483411
0.002702923957258463,0.00274701532907784
0.0027029013726860285,0.0027482241857796907
0.0027029719203710556,0.0027475927490741014
0.0027034818194806576,0.002748465398326516
0.0027038860134780407,0.0027487545739859343
0.0027045425958931446,0.0027492244262248278
0.0027048110496252775,0.002749757608398795
0.002705218968912959,0.0027497701812535524
0.002705143066123128,0.002750081242993474
0.002705290215089917,0.0027499140705913305
0.002705035265535116,0.0027499173302203417
0.002705090679228306,0.00274987262673676
0.002704818733036518,0.002749592997133732
0.002704917686060071,0.002749878680333495
0.0027046853210777044,0.00274925515986979
0.002704797312617302,0.002749871462583542
0.0027045654132962227,0.0027488612104207277
0.002704666228964925,0.0027497962582856417
0.0027044457383453846,0.002748435130342841
0.002704557031393051,0.002749694511294365
0.0027043235022574663,0.0027480649296194315
0.002704349812120199,0.002749520121142268
0.002704002894461155,0.002747598337009549
0.0027038883417844772,0.002749156905338168
0.0027034494560211897,0.0027469992637634277
0.0027032936923205853,0.0027487161569297314
0.0027029281482100487,0.002746439538896084
0.0027028853073716164,0.0027484516613185406
0.0027026997413486242,0.002746137324720621
0.002702859928831458,0.002748501021414995
0.002702871570363641,0.0027461834251880646
0.0027032189536839724,0.00274886772967875
0.0027033549267798662,0.0027465017046779394
0.002703774021938443,0.0027493706438690424
0.0027038459666073322,0.002746875863522291
0.002704163081943989,0.002749686362221837
0.002704089740291238,0.0027471487410366535
0.002704254351556301,0.0027497136034071445
0.002704022219404578,0.002747256075963378
0.002704064128920436,0.002749466337263584
0.0027037530671805143,0.002747287740930915
0.0027037395630031824,0.002749064238741994
0.0027034408412873745,0.002747338032349944
0.0027034764643758535,0.0027487059123814106
0.0027032846119254827,0.0027475468814373016
0.0027034415397793055,0.0027485089376568794
0.0027033761143684387,0.0027480232529342175
0.0027036373503506184,0.0027485184837132692
0.0027036380488425493,0.002748683327808976
0.0027039460837841034,0.002748621627688408
0.0027039446868002415,0.0027494626119732857
0.0027042508590966463,0.002748727099969983
0.0027042084839195013,0.0027502423617988825
0.002704477868974209,0.0027487867046147585
0.00270438427105546,0.0027509150095283985
0.0027045898605138063,0.002748780883848667
0.0027043712325394154,0.0027513434179127216
0.002704453421756625,0.0027485631871968508
0.002704103011637926,0.0027513892855495214
0.0027040522545576096,0.0027481550350785255
0.002703590551391244,0.002750924788415432
0.0027034366503357887,0.0027476476971060038
0.0027029484044760466,0.0027500379364937544
0.002702777273952961,0.0027471822686493397
0.002702397061511874,0.002748951781541109
0.0027023893781006336,0.002747051417827606
0.0027022685389965773,0.0027479815762490034
0.0027025677263736725,0.002747481456026435
0.0027027707546949387,0.0027473801746964455
0.0027033830992877483,0.002748513827100396
0.0027037495747208595,0.0027470700442790985
0.0027044257149100304,0.002749813487753272
0.002704618265852332,0.0027467538602650166
0.0027049959171563387,0.002750749234110117
0.0027047276962548494,0.002746106591075659
0.0027046510949730873,0.002750930143520236
0.0027040946297347546,0.0027451433707028627
0.0027037966065108776,0.00275060860440135
0.002703233389183879,0.002744245808571577
0.002702936064451933,0.002750096144154668
0.0027024811133742332,0.0027436402160674334
0.0027022636495530605,0.0027495359536260366
0.002701955381780863,0.0027433824725449085
0.002701888559386134,0.0027490395586937666
0.0027017383836209774,0.002743483055382967
0.0027018184773623943,0.002748736646026373
0.0027017267420887947,0.002743735443800688
0.002701788442209363,0.0027484558522701263
0.0027015795931220055,0.0027439354453235865
0.0027014766819775105,0.0027479417622089386
0.002701087621971965,0.0027438329998403788
0.0027008571196347475,0.002747232560068369
0.0027004762087017298,0.002743514021858573
0.0027003686409443617,0.0027466900646686554
0.0027002119459211826,0.002743396209552884
0.0027003800496459007,0.002746590878814459
0.0027005313895642757,0.0027436758391559124
0.002701070625334978,0.0027471028733998537
0.002701567253097892,0.002744566649198532
0.00270247389562428,0.002748219994828105
0.002703186823055148,0.002746066078543663
0.0027042587753385305,0.002749685663729906
0.00270486855879426,0.002747924532741308
0.002705733757466078,0.002750860992819071
0.00270581291988492,0.0027494793757796288
0.002706072758883238,0.002750955754891038
0.002705457853153348,0.002750007202848792
0.002705106046050787,0.00274984585121274
0.002704156097024679,0.002749608363956213
0.002703682752326131,0.0027482749428600073
0.002702969592064619,0.0027491699438542128
0.002702819649130106,0.0027472376823425293
0.002702530473470688,0.002749242354184389
0.002702668309211731,0.002746910322457552
0.0027025495655834675,0.002749514300376177
0.002702695317566395,0.0027468607295304537
0.002702456433326006,0.0027493301313370466
0.002702416619285941,0.0027467047329992056
0.0027020287234336138,0.002748508471995592
0.002701935125514865,0.0027464665472507477
0.0027016783133149147,0.0027474898379296064
0.002701845718547702,0.002746689599007368
0.002701924880966544,0.0027468623593449593
0.002702456433326006,0.0027475610841065645
0.0027027695905417204,0.0027467620093375444
0.0027034603990614414,0.002748778322711587
0.002703675301745534,0.0027467396575957537
0.0027041020803153515,0.0027496102266013622
0.0027038699481636286,0.0027463131118565798
0.002703782869502902,0.002749481936916709
0.0027031111530959606,0.0027453522197902203
0.0027026995085179806,0.002748645143583417
0.002701936289668083,0.002744270721450448
0.0027015320956707,0.0027476362884044647
0.0027009546756744385,0.002743497956544161
0.0027007623575627804,0.002746966667473316
0.002700465964153409,0.0027431135531514883
0.002700502285733819,0.002746713114902377
0.0027003991417586803,0.0027431100606918335
0.002700580982491374,0.0027467384934425354
0.0027005511801689863,0.0027432471979409456
0.0027007481548935175,0.0027468514163047075
0.0027006876189261675,0.0027433799114078283
0.0027008592151105404,0.0027469133492559195
0.002700772136449814,0.002743485616520047
0.0027009460609406233,0.0027469678316265345
0.002700895071029663,0.0027436588425189257
0.0027011388447135687,0.0027470833156257868
0.002701154910027981,0.0027440511621534824
0.0027014906518161297,0.0027473135851323605
0.0027015702798962593,0.0027446639724075794
0.0027019779663532972,0.0027476244140416384
0.0027020834386348724,0.0027455135714262724
0.0027025234885513783,0.0027479289565235376
0.002702589612454176,0.0027464907616376877
0.0027029882185161114,0.002748103579506278
0.0027029209304600954,0.0027474532835185528
0.002703180769458413,0.0027480062562972307
0.002702968893572688,0.00274824071675539
0.002703118836507201,0.0027476679533720016
0.0027028413023799658,0.002748904749751091
0.002702970989048481,0.0027472740039229393
0.002702743047848344,0.002749562496319413
0.0027029113844037056,0.002746979473158717
0.0027026592288166285,0.0027501003351062536
0.0027027176693081856,0.002746662823483348
0.0027023034635931253,0.002750073792412877
0.002702140947803855,0.0027461182326078415
0.002701523480936885,0.002749278675764799
0.002701167482882738,0.0027453254442662
0.002700530458241701,0.0027478914707899094
0.0027002650313079357,0.0027447484899312258
0.0026999202091246843,0.002746517537161708
0.0027000491973012686,0.002744882134720683
0.002700204262509942,0.0027457179967314005
0.0027008657343685627,0.0027459769044071436
0.002701437333598733,0.00274558924138546
0.0027024229057133198,0.0027477112598717213
0.0027029584161937237,0.002745786216109991
0.0027036480605602264,0.002749104518443346
0.0027035006787627935,0.002745439065620303
0.002703378675505519,0.0027491902001202106
0.0027025174349546432,0.002744202269241214
0.0027018391992896795,0.0027481012511998415
0.0027008168399333954,0.002742716809734702
0.002700204262509942,0.0027468299958854914
0.002699544420465827,0.002741699106991291
0.0026993069332093,0.0027460907585918903
0.002699082950130105,0.002741405274719
0.0026992210187017918,0.0027459512930363417
0.0026993071660399437,0.0027416511438786983
0.0026996652595698833,0.0027462802827358246
0.0026998179964721203,0.0027421065606176853
0.0027001022826880217,0.0027465862222015858
0.0027000170666724443,0.0027423494029790163
0.0026999947149306536,0.002746438840404153
0.002699614502489567,0.0027420937549322844
0.00269936490803957,0.002745859557762742
0.002698900643736124,0.0027416071388870478
0.002698692725971341,0.0027452493086457253
0.002698412397876382,0.002741275355219841
0.0026984428986907005,0.0027449922636151314
0.0026984489522874355,0.002741335891187191
0.002698799828067422,0.0027452127542346716
0.002699111122637987,0.0027419060934334993
0.002699782606214285,0.0027459340635687113
0.0027002899441868067,0.0027429882902652025
0.0027011102065443993,0.002746906131505966
0.002701596589758992,0.0027443990111351013
0.0027023744769394398,0.0027478134725242853
0.002702651545405388,0.0027459347620606422
0.002703242003917694,0.0027483657468110323
0.0027032410725951195,0.0027473787777125835
0.002703580306842923,0.0027484213933348656
0.0027032403741031885,0.0027484481688588858
0.002703281817957759,0.0027478437405079603
0.0027027262840420008,0.002748977392911911
0.0027026452589780092,0.0027469410561025143
0.00270212278701365,0.0027492057997733355
0.0027020929846912622,0.0027461822610348463
0.0027016960084438324,0.002749339211732149
0.002701710443943739,0.0027456313837319613
0.002701291348785162,0.0027491275686770678
0.002701131161302328,0.002745096106082201
0.0027005153242498636,0.0027480614371597767
0.0027001446578651667,0.00274438364431262
0.0026995246298611164,0.0027463631704449654
0.002699284115806222,0.0027439396362751722
0.002699037082493305,0.002744817640632391
0.0026993125211447477,0.002744390396401286
0.00269963382743299,0.0027441245038062334
0.0027004608418792486,0.0027458439581096172
0.00270110578276217,0.0027442951686680317
0.002702064346522093,0.0027476500254124403
0.0027023947332054377,0.002744592260569334
0.0027027756441384554,0.002748556900769472
0.0027023053262382746,0.002744161058217287
0.00270189275033772,0.0027479117270559072
0.002700886456295848,0.00274299387820065
0.002700165379792452,0.002746369456872344
0.0026992440689355135,0.0027418893296271563
0.0026987576857209206,0.0027449612971395254
0.002698249416425824,0.0027414157520979643
0.0026982026174664497,0.002744256751611829
0.002698152558878064,0.002741656731814146
0.002698476193472743,0.002744272816926241
0.002698663156479597,0.002742318669334054
0.0026991115882992744,0.0027446693275123835
0.0026992529164999723,0.002742966404184699
0.002699553268030286,0.0027449443005025387
0.002699465723708272,0.002743297489359975
0.0026995777152478695,0.0027449268382042646
0.0026993881911039352,0.0027433813083916903
0.002699515549466014,0.0027448805049061775
0.0026994547806680202,0.002743630902841687
0.002699801465496421,0.00274514127522707
0.0026999711990356445,0.002744306344538927
0.00270054186694324,0.0027457766700536013
0.002700765384361148,0.002745257457718253
0.002701306249946356,0.002746370853856206
0.002701308112591505,0.0027460353448987007
0.0027015446685254574,0.0027464446611702442
0.0027011793572455645,0.0027462125290185213
0.0027010655030608177,0.00274587026797235
0.002700471319258213,0.0027458828408271074
0.0027002315036952496,0.0027449592016637325
0.002699711825698614,0.002745468635112047
0.0026995507068932056,0.0027442469727247953
0.0026991679333150387,0.00274515594355762
0.0026991262566298246,0.0027438055258244276
0.0026988929603248835,0.002744989935308695
0.0026989621110260487,0.0027436488308012486
0.00269881309941411,0.002744868863373995
0.0026989339385181665,0.002743656514212489
0.002698831493034959,0.0027447110041975975
0.002698988188058138,0.0027437827084213495
0.002698906697332859,0.0027444653678685427
0.0026991271879523993,0.0027440430130809546
0.0026991134509444237,0.0027442211285233498
0.002699405187740922,0.002744456520304084
0.0026993968058377504,0.002744019031524658
0.002699690405279398,0.002744893077760935
0.0026996538508683443,0.002743770135566592
0.0026999004185199738,0.0027452786453068256
0.002699745586141944,0.0027433792129158974
0.002699883421882987,0.0027454595547169447
0.002699648030102253,0.0027428497560322285
0.002699716715142131,0.002745493780821562
0.002699426142498851,0.002742236712947488
0.002699444768950343,0.002745435805991292
0.0026991739869117737,0.0027416397351771593
0.0026992361526936293,0.0027454430237412453
0.0026990293990820646,0.0027411419432610273
0.002699133474379778,0.002745583653450012
0.0026989674661308527,0.002740752650424838
0.002699078293517232,0.002745784353464842
0.00269893161021173,0.002740460215136409
0.0026990221813321114,0.0027460362762212753
0.0026988720055669546,0.0027402162086218596
0.002698911353945732,0.002746226731687784
0.0026987630408257246,0.0027400425169616938
0.00269876467064023,0.0027463671285659075
0.00269862893037498,0.0027399342507123947
0.0026985614094883204,0.0027463766746222973
0.002698388881981373,0.002739867428317666
0.0026982526760548353,0.0027461745776236057
0.002698048949241638,0.0027398313395678997
0.0026978414971381426,0.0027457554824650288
0.002697587013244629,0.0027397386729717255
0.002697313902899623,0.002745130332186818
0.0026970000471919775,0.0027395719662308693
0.0026967045851051807,0.0027443557046353817
0.0026963918935507536,0.0027393274940550327
0.0026961378753185272,0.0027435922529548407
0.002695872448384762,0.0027390450704842806
0.002695734379813075,0.002742951503023505
0.0026956014335155487,0.0027389174792915583
0.0026956701185554266,0.0027426129672676325
0.0026957562658935785,0.002739047398790717
0.0026961159892380238,0.0027427165769040585
0.0026964752469211817,0.002739659510552883
0.0026972200721502304,0.0027433745563030243
0.002697951626032591,0.0027410571929067373
0.0026991635095328093,0.0027447764296084642
0.00270022707991302,0.0027434718795120716
0.002701805206015706,0.0027468502521514893
0.002702857833355665,0.0027466744650155306
0.002704239683225751,0.002748797181993723
0.0027043854352086782,0.0027492486406117678
0.0027045535389333963,0.0027487878687679768
0.002703331643715501,0.002749470993876457
0.002702479949221015,0.002746559213846922
0.002701052464544773,0.002748257713392377
0.0027003586292266846,0.0027443680446594954
0.0026995535008609295,0.0027474125381559134
0.0026993430219590664,0.002743264427408576
0.0026988876052200794,0.0027470034547150135
0.0026987132150679827,0.0027426485903561115
0.0026981341652572155,0.0027460476849228144
0.002697756513953209,0.00274195265956223
0.002697153715416789,0.002744364785030484
0.002696947893127799,0.0027415778022259474
0.002696835435926914,0.0027429109904915094
0.0026973288040608168,0.0027423661667853594
0.002697995165362954,0.0027426884043961763
0.0026993039064109325,0.0027445447631180286
0.0027004170697182417,0.002743726596236229
0.0027018170803785324,0.0027471124194562435
0.002702233847230673,0.0027446069288998842
0.0027025341987609863,0.0027479485142976046
0.0027015875093638897,0.0027438574470579624
0.0027006822638213634,0.002746345242485404
0.002699172357097268,0.0027420043479651213
0.0026981281116604805,0.0027439685072749853
0.0026970338076353073,0.0027405868750065565
0.0026965246070176363,0.0027423398569226265
0.002696100389584899,0.002740236232057214
0.002696157665923238,0.002741787116974592
0.0026962265837937593,0.0027407121378928423
0.002696650568395853,0.0027420269325375557
0.002696929732337594,0.002741564530879259
0.0026974743232131004,0.0027426111046224833
0.002697751158848405,0.0027424441650509834
0.0026982894632965326,0.0027432674542069435
0.0026984952855855227,0.002743205986917019
0.0026989877223968506,0.002743900753557682
0.0026990731712430716,0.0027438022661954165
0.0026994417421519756,0.002744365483522415
0.0026993241626769304,0.002744132187217474
0.0026994787622243166,0.0027444292791187763
0.0026991008780896664,0.0027440052945166826
0.0026990233454853296,0.0027440206613391638
0.002698509953916073,0.0027434297371655703
0.0026983364950865507,0.0027434001676738262
0.002697869436815381,0.0027427305467426777
0.0026977837551385164,0.00274287280626595
0.002697467803955078,0.002742247423157096
0.002697482705116272,0.002742605749517679
0.002697237068787217,0.0027419051621109247
0.0026972710620611906,0.0027424367144703865
0.0026970538310706615,0.002741615055128932
0.002697116695344448,0.0027423605788499117
0.0026969234459102154,0.002741317730396986
0.002697024028748274,0.002742393873631954
0.002696909476071596,0.002741125412285328
0.0026971211191266775,0.0027425664011389017
0.002697122050449252,0.0027411601040512323
0.002697465941309929,0.002742968499660492
0.00269752973690629,0.00274136895313859
0.00269788084551692,0.002743394812569022
0.0026978831738233566,0.002741610398516059
0.002698157913982868,0.002743651159107685
0.002698009368032217,0.002741652075201273
0.002698104362934828,0.002743620192632079
0.0026977784000337124,0.002741438103839755
0.0026977350935339928,0.002743249060586095
0.0026973593048751354,0.0027411277405917645
0.0026972894556820393,0.0027428343892097473
0.0026969434693455696,0.002740800380706787
0.002696915529668331,0.0027424597647041082
0.002696657320484519,0.002740646479651332
0.002696734620258212,0.00274224067106843
0.0026965888682752848,0.0027406637091189623
0.002696751384064555,0.0027422267012298107
0.002696676179766655,0.0027408115565776825
0.0026968943420797586,0.0027422853745520115
0.0026968251913785934,0.0027410679031163454
0.002697029383853078,0.0027423580177128315
0.002696932991966605,0.002741309115663171
0.00269713019952178,0.0027423894498497248
0.002697023330256343,0.0027416073717176914
0.0026972307823598385,0.002742394804954529
0.0026971574407070875,0.002741999225690961
0.0026974002830684185,0.002742441836744547
0.002697319956496358,0.002742537297308445
0.0026975732762366533,0.0027424292638897896
0.0026975171640515327,0.002743189223110676
0.002697813557460904,0.0027424772270023823
0.0026977749075740576,0.0027439934201538563
0.0026980724651366472,0.002742502372711897
0.0026980184484273195,0.002744930097833276
0.002698357682675123,0.0027425389271229506
0.0026983320713043213,0.002745989477261901
0.00269866781309247,0.00274260644800961
0.002698528114706278,0.0027468965854495764
0.0026986843440681696,0.0027424506843090057
0.0026982431299984455,0.0027470700442790985
0.002698006574064493,0.0027417682576924562
0.002697175135836005,0.0027460854034870863
0.0026965683791786432,0.0027405291330069304
0.002695581177249551,0.002744123339653015
0.0026949201710522175,0.002739282790571451
0.002694196067750454,0.00274197687394917
0.0026939259842038155,0.002738783834502101
0.0026938298251479864,0.002740478375926614
0.0026943266857415438,0.002739619929343462
0.0026951159816235304,0.0027401787228882313
0.0026966005098074675,0.0027421023696660995
0.002698121592402458,0.00274117779918015
0.002700071083381772,0.002745561534538865
0.0027011430356651545,0.0027423559222370386
0.002701976802200079,0.002747685182839632
0.002701275981962681,0.002741770585998893
0.002700328128412366,0.002746737562119961
0.0026985257863998413,0.0027394811622798443
0.002697052201256156,0.0027441696729511023
0.002695578383281827,0.0027373090852051973
0.002694661496207118,0.002742086537182331
0.0026940000243484974,0.002736307680606842
0.0026938654482364655,0.0027412082999944687
0.002693986287340522,0.0027365535497665405
0.002694547176361084,0.0027415582444518805
0.0026951634790748358,0.002737718401476741
0.0026960005052387714,0.002742619952186942
0.0026964263524860144,0.002738884650170803
0.0026967357844114304,0.0027431361377239227
0.002696351381018758,0.002738894196227193
0.002695853356271982,0.002742332173511386
0.002694969531148672,0.0027377947699278593
0.0026943294797092676,0.0027410387992858887
0.0026937108486890793,0.002736769849434495
0.0026935201603919268,0.0027403628919273615
0.002693482907488942,0.002736545167863369
0.0026938985101878643,0.002740685362368822
0.0026944337878376245,0.002737242029979825
0.0026954305358231068,0.002741924487054348
0.002696383511647582,0.00273879780434072
0.0026977353263646364,0.002743755467236042
0.002698631724342704,0.0027408066671341658
0.002699681557714939,0.002745219739153981
0.0026998333632946014,0.0027424173895269632
0.002700072480365634,0.002745318692177534
0.002699388889595866,0.0027429792098701
0.0026989763136953115,0.002744107274338603
0.0026979795657098293,0.002742764540016651
0.0026974729262292385,0.0027424634899944067
0.002696681534871459,0.002742432290688157
0.002696436597034335,0.0027412855997681618
0.0026960622053593397,0.002742418320849538
0.002696195850148797,0.002740860218182206
0.0026961565017700195,0.002742819022387266
0.0026964799035340548,0.0027409642934799194
0.002696478273719549,0.0027431414928287268
0.002696727402508259,0.002741154981777072
0.0026965546421706676,0.002742943586781621
0.0026965911965817213,0.0027411228511482477
0.002696244977414608,0.0027421193663030863
0.002696199342608452,0.0027410327456891537
0.0026959122624248266,0.002741061383858323
0.0026960193645209074,0.0027412071358412504
0.002695939503610134,0.002740328200161457
0.002696264535188675,0.0027417384553700686
0.0026963406708091497,0.0027399840764701366
0.0026967786252498627,0.0027425021398812532
0.0026968219317495823,0.0027398003730922937
0.0026971199549734592,0.0027430218178778887
0.002696909010410309,0.0027394669596105814
0.0026969260070472956,0.002742976415902376
0.0026964896824210882,0.0027388655580580235
0.002696303417906165,0.002742489567026496
0.0026957509107887745,0.0027381826657801867
0.0026955055072903633,0.002741763601079583
0.00269503821618855,0.0027376781217753887
0.002694907132536173,0.002741185948252678
0.0026945865247398615,0.002737413626164198
0.002694565337151289,0.0027408127207309008
0.0026943490374833345,0.002737372415140271
0.002694431459531188,0.002740606665611267
0.002694325754418969,0.002737473463639617
0.002694489900022745,0.002740589901804924
0.0026944379787892103,0.002737656468525529
0.0026946580037474632,0.002740657888352871
0.002694646129384637,0.002737961709499359
0.0026949213352054358,0.0027408068999648094
0.0026949571911245584,0.0027383677661418915
0.0026952980551868677,0.002741066738963127
0.0026953851338475943,0.002738968003541231
0.0026958072558045387,0.0027414055075496435
0.0026959306560456753,0.0027397784870117903
0.0026963918935507536,0.0027418024837970734
0.002696451498195529,0.002740659052506089
0.0026968109887093306,0.0027420150581747293
0.002696685027331114,0.0027414390351623297
0.0026968701276928186,0.0027418513782322407
0.0026965877041220665,0.002741991775110364
0.002696664771065116,0.0027414443902671337
0.0026963497512042522,0.002742473501712084
0.002696445444598794,0.00274098152294755
0.0026962074916809797,0.002743045100942254
0.002696382347494364,0.00274068140424788
0.0026962365955114365,0.0027437135577201843
0.0026964587159454823,0.0027405538130551577
0.002696253824979067,0.0027442181017249823
0.002696308074519038,0.002740303287282586
0.0026958766393363476,0.002744059544056654
0.002695666393265128,0.0027397277299314737
0.0026950137689709663,0.002743047894909978
0.0026946370489895344,0.0027389535680413246
0.002694034483283758,0.0027415307704359293
0.002693819347769022,0.002738494426012039
0.0026935844216495752,0.0027401852421462536
0.0026938319206237793,0.002738878596574068
0.00269410852342844,0.002739495597779751
0.002694890834391117,0.0027402101550251245
0.0026955639477819204,0.0027395407669246197
0.002696637064218521,0.0027421300765126944
0.0026971728075295687,0.00273980968631804
0.002697833813726902,0.0027435540687292814
0.0026976119261235,0.002739421557635069
0.002697417978197336,0.002743524732068181
0.002696480369195342,0.002738142618909478
0.0026957690715789795,0.0027423410210758448
0.0026947506703436375,0.0027366369031369686
0.0026941238902509212,0.002741031814366579
0.0026934663765132427,0.00273564038798213
0.0026932447217404842,0.0027402539271861315
0.0026930617168545723,0.0027354275807738304
0.002693257061764598,0.002740192459896207
0.0026933979243040085,0.0027358282823115587
0.0026937886141240597,0.0027405600994825363
0.002693949965760112,0.0027364001143723726
0.0026942272670567036,0.0027409051544964314
0.002694122027605772,0.002736621769145131
0.0026940451934933662,0.0027407438028603792
0.0026935969945043325,0.0027362951077520847
0.0026932409964501858,0.00274006649851799
0.0026926954742521048,0.0027356320060789585
0.002692369744181633,0.0027393423952162266
0.002692015143111348,0.0027350829914212227
0.002691921778023243,0.0027389877941459417
0.0026918489020317793,0.0027348767034709454
0.002692051464691758,0.002739103278145194
0.002692238660529256,0.0027350562158972025
0.0026926773134618998,0.0027395968791097403
0.002693009562790394,0.0027355432976037264
0.002693552291020751,0.002740240655839443
0.0026938554365187883,0.0027361856773495674
0.0026943651027977467,0.002740769414231181
0.0026945529971271753,0.002736919093877077
0.002695034723728895,0.0027411419432610273
0.00269524147734046,0.00273798406124115
0.002695896662771702,0.0027416571974754333
0.002696283394470811,0.0027397158555686474
0.002697191433981061,0.002742518438026309
0.0026976147200912237,0.0027419833932071924
0.0026984279975295067,0.0027432788629084826
0.002698379335924983,0.0027438162360340357
0.0026986056473106146,0.0027430623304098845
0.0026978980749845505,0.0027444090228527784
0.002697608433663845,0.0027417978271842003
0.0026967537123709917,0.002744172466918826
0.0026964384596794844,0.0027404436841607094
0.002695768140256405,0.0027437563985586166
0.00269553204998374,0.0027394734788686037
0.0026949031744152308,0.002743024844676256
0.002694541122764349,0.0027386092115193605
0.002693818649277091,0.0027416159864515066
0.002693396992981434,0.0027378129307180643
0.0026928659062832594,0.002739854156970978
0.002692772075533867,0.0027376299258321524
0.0026927655562758446,0.002738616894930601
0.002693332266062498,0.0027385407593101263
0.0026939655654132366,0.0027384748682379723
0.002695106202736497,0.0027405291330069304
0.0026959318201988935,0.002739149844273925
0.0026969979517161846,0.002742552198469639
0.0026972079649567604,0.0027396169025450945
0.002697393298149109,0.0027431368362158537
0.0026966100558638573,0.002738929819315672
0.0026959525421261787,0.0027419510297477245
0.0026947646401822567,0.002737521193921566
0.002693976042792201,0.002740089315921068
0.002693076618015766,0.0027364103589206934
0.002692688722163439,0.0027387570589780807
0.0026923250406980515,0.002736121416091919
0.0026924365665763617,0.0027382855769246817
0.0026925248093903065,0.002736634574830532
0.0026929709129035473,0.0027385291177779436
0.002693209797143936,0.002737461356446147
0.0026936649810522795,0.0027389798779040575
0.0026937404181808233,0.0027381260879337788
0.0026939897798001766,0.002739186864346266
0.002693850314244628,0.0027383642736822367
0.002693956485018134,0.002739167073741555
0.002693784423172474,0.00273847091011703
0.0026939839590340853,0.0027392178308218718
0.002693955786526203,0.002738784532994032
0.002694311086088419,0.0027395403012633324
0.0026943760458379984,0.0027393116615712643
0.0026947762817144394,0.002739922609180212
0.0026947297155857086,0.002739769173786044
0.002694957423955202,0.0027400171384215355
0.0026946859434247017,0.0027398206293582916
0.002694709924980998,0.002739700023084879
0.0026943236589431763,0.0027395617216825485
0.002694276627153158,0.002739225048571825
0.0026939057279378176,0.002739202929660678
0.002693845657631755,0.002738796640187502
0.0026934624183923006,0.00273880478926003
0.0026933776680380106,0.0027383677661418915
0.0026930314488708973,0.0027383763808757067
0.0026929699815809727,0.002738045062869787
0.0026926964055746794,0.002737966598942876
0.002692733658477664,0.0027378962840884924
0.002692579058930278,0.0027376923244446516
0.0026927234139293432,0.0027379728853702545
0.0026926659047603607,0.002737533301115036
0.002692909212782979,0.002738229464739561
0.002692923415452242,0.0027375041972845793
0.002693258225917816,0.0027386494912207127
0.0026933178305625916,0.002737553557381034
0.002693652408197522,0.002739115385338664
0.002693626331165433,0.002737555420026183
0.002693868475034833,0.002739406656473875
0.0026937397196888924,0.002737424336373806
0.002693895949050784,0.0027395656798034906
0.0026936661452054977,0.002737118862569332
0.0026937255170196295,0.0027395219076424837
0.002693443326279521,0.002736703958362341
0.002693464048206806,0.002739407354965806
0.002693170914426446,0.00273623364046216
0.0026931953616440296,0.002739288844168186
0.002692944835871458,0.0027358043007552624
0.0026929895393550396,0.0027392315678298473
0.0026927697472274303,0.0027354019694030285
0.002692860085517168,0.0027392797637730837
0.0026927038561552763,0.00273506180383265
0.002692836569622159,0.0027394478674978018
0.0026927292346954346,0.0027347940485924482
0.0026928901206701994,0.00273972749710083
0.0026928232982754707,0.002734571695327759
0.0026929888408631086,0.0027400886174291372
0.0026929089799523354,0.0027343661058694124
0.002693010028451681,0.0027404092252254486
0.0026928798761218786,0.0027341539971530437
0.0026928798761218786,0.0027405875734984875
0.0026927164290100336,0.0027339172083884478
0.002692647511139512,0.0027406346052885056
0.002692459151148796,0.002733721863478422
0.0026923012919723988,0.0027404639404267073
0.0026920896489173174,0.002733573317527771
0.0026919208467006683,0.002740158000960946
0.0026917392387986183,0.0027335307095199823
0.0026915897615253925,0.002739769173786044
0.002691473811864853,0.0027336706407368183
0.0026913785841315985,0.002739401999861002
0.0026912863831967115,0.002733921632170677
0.0026911671739071608,0.0027389770839363337
0.002690989291295409,0.0027340769302099943
0.0026907457504421473,0.002738333074375987
0.002690402325242758,0.002733938628807664
0.002690030261874199,0.0027373910415917635
0.0026896107010543346,0.0027335381601005793
0.0026892779860645533,0.0027364236302673817
0.0026889615692198277,0.0027331230230629444
0.002688853070139885,0.0027357505168765783
0.002688836073502898,0.0027330671437084675
0.002689156448468566,0.0027356971986591816
0.002689635381102562,0.002733783097937703
0.002690609311684966,0.002736617811024189
0.0026917525101453066,0.002735754707828164
0.00269353692419827,0.002738826908171177
0.00269531924277544,0.0027393565978854895
0.002697749761864543,0.0027422651182860136
0.0026994363870471716,0.0027440707199275494
0.0027012901846319437,0.0027452181093394756
0.002701109042391181,0.0027470283675938845
0.0027006962336599827,0.002744385739788413
0.002698492957279086,0.0027458465192466974
0.0026968838647007942,0.0027406462468206882
0.002694949507713318,0.002743230201303959
0.002694022608920932,0.0027379172388464212
0.0026931699831038713,0.002741824835538864
0.00269293412566185,0.0027368664741516113
0.002692434936761856,0.0027410718612372875
0.0026921587996184826,0.002736190566793084
0.002691506175324321,0.002739685820415616
0.002691094297915697,0.0027354490011930466
0.002690615365281701,0.0027378022205084562
0.0026906649582087994,0.0027355188503861427
0.002690983470529318,0.0027367137372493744
0.002692044246941805,0.0027372383046895266
0.0026932978071272373,0.0027374285273253918
0.0026951830368489027,0.002740422962233424
0.002696503885090351,0.002739295829087496
0.0026978461537510157,0.002743086079135537
0.002697665011510253,0.002739962190389633
0.0026972079649567604,0.0027426397427916527
0.002695498988032341,0.0027382855769246817
0.0026940854731947184,0.0027397696394473314
0.002692406764253974,0.002736057620495558
0.002691426780074835,0.0027371810283511877
0.002690622117370367,0.00273501081392169
0.002690455876290798,0.0027360557578504086
0.0026903878897428513,0.002735257614403963
0.0026907254941761494,0.0027360713575035334
0.0026909755542874336,0.0027361393440514803
0.002691511996090412,0.002736577996984124
0.002691815374419093,0.002737131668254733
0.002692384645342827,0.002737234113737941
0.002692652866244316,0.0027379579842090607
0.002693227957934141,0.0027380159590393305
0.002693437272682786,0.002738618990406394
0.0026939797680824995,0.0027387975715100765
0.002694012364372611,0.0027390497270971537
0.002694317838177085,0.00273921899497509
0.0026939772069454193,0.0027388816233724356
0.0026938742958009243,0.0027389121241867542
0.0026932309847325087,0.002738030394539237
0.002692973241209984,0.002738125855103135
0.0026923990808427334,0.002737050876021385
0.0026922496035695076,0.0027375086210668087
0.0026918803341686726,0.0027363349217921495
0.0026918777730315924,0.002737197792157531
0.002691608853638172,0.0027358904480934143
0.0026916281785815954,0.002737033646553755
0.002691353438422084,0.002735466230660677
0.002691346686333418,0.002736886730417609
0.0026910763699561357,0.002735079498961568
0.0026911203749477863,0.0027367686852812767
0.0026909857988357544,0.0027349404990673065
0.0026912109460681677,0.0027369181625545025
0.0026912647299468517,0.002735127229243517
0.0026916766073554754,0.002737367758527398
0.0026918421499431133,0.002735609421506524
0.002692338079214096,0.0027379405219107866
0.0026924386620521545,0.0027361332904547453
0.002692778129130602,0.0027382951229810715
0.0026926237624138594,0.0027363949920982122
0.00269269198179245,0.0027381177060306072
0.0026922868564724922,0.0027363181579858065
0.0026921534445136786,0.0027375381905585527
0.002691676840186119,0.0027360208332538605
0.002691564615815878,0.0027369207236915827
0.0026912272442132235,0.0027358948718756437
0.0026912360917776823,0.002736496040597558
0.0026910339947789907,0.0027360362000763416
0.0026911713648587465,0.0027363060507923365
0.0026911082677543163,0.0027364231646060944
0.00269138440489769,0.00273636681959033
0.0026914242189377546,0.0027370487805455923
0.0026917702052742243,0.0027365791611373425
0.002691823523491621,0.0027377833612263203
0.002692155772820115,0.0027368057053536177
0.0026921280659735203,0.002738465555012226
0.002692377893254161,0.0027368878945708275
0.002692250069230795,0.0027389705646783113
0.0026924253907054663,0.0027368562296032906
0.0026922093238681555,0.002739245304837823
0.0026922954712063074,0.002736674854531884
0.002691990928724408,0.0027392476331442595
0.002691984409466386,0.002736372873187065
0.0026916167698800564,0.002738919574767351
0.0026915576308965683,0.002736008958891034
0.002691186498850584,0.002738351235166192
0.0026911275926977396,0.002735684160143137
0.002690826542675495,0.002737615257501602
0.0026908426079899073,0.002735581248998642
0.0026906440034508705,0.002736822236329317
0.0026907669380307198,0.002735715825110674
0.0026906984858214855,0.002736090449616313
0.0026909648440778255,0.0027361500542610884
0.002691013738512993,0.0027354592457413673
0.0026914263144135475,0.002736906288191676
0.0026915704365819693,0.002734996611252427
0.002692060312256217,0.0027378760278224945
0.00269218347966671,0.0027346389833837748
0.0026926046703010798,0.002738842274993658
0.0026925774291157722,0.0027342454995959997
0.0026927946601063013,0.002739522373303771
0.0026925504207611084,0.002733755623921752
0.002692469861358404,0.002739641349762678
0.002691987669095397,0.002733090193942189
0.0026916679926216602,0.0027391519397497177
0.0026911005843430758,0.0027323365211486816
0.0026907320134341717,0.002738306764513254
0.002690240740776062,0.002731786575168371
0.002690010704100132,0.0027374213095754385
0.002689722692593932,0.002731666201725602
0.002689711982384324,0.0027368084993213415
0.002689603017643094,0.0027319425716996193
0.002689733635634184,0.0027364538982510567
0.0026896523777395487,0.0027323965914547443
0.0026897548232227564,0.002736166585236788
0.0026895557530224323,0.002732690190896392
0.0026895247865468264,0.002735723741352558
0.002689256565645337,0.0027327844873070717
0.0026892549358308315,0.002735310234129429
0.00268912548199296,0.002732954453676939
0.0026893510948866606,0.0027352634351700544
0.0026895238552242517,0.0027335449121892452
0.002690133173018694,0.0027358445804566145
0.0026906614657491446,0.0027347730938345194
0.0026916663628071547,0.002737111411988735
0.0026924079284071922,0.0027366371359676123
0.0026935094501823187,0.0027386366855353117
0.00269390270113945,0.0027384196873754263
0.0026944493874907494,0.0027393423952162266
0.002693985356017947,0.002739023184403777
0.002693668007850647,0.0027384525164961815
0.002692596521228552,0.002738279290497303
0.0026919429656118155,0.0027367272414267063
0.002691019093617797,0.002737242029979825
0.002690645633265376,0.002735396847128868
0.002690207213163376,0.0027368380688130856
0.0026902633253484964,0.0027349006850272417
0.002690190216526389,0.002737063216045499
0.0026904528494924307,0.002734969835728407
0.0026904228143393993,0.0027373868506401777
0.0026906034909188747,0.002735081361606717
0.002690407680347562,0.0027372771874070168
0.0026904302649199963,0.002734994515776634
0.0026901746168732643,0.002736753085628152
0.0026902337558567524,0.0027349756564944983
0.002690110821276903,0.002736208261922002
0.0026903823018074036,0.0027353286277502775
0.0026904684491455555,0.002735922345891595
0.002690972527489066,0.0027361155953258276
0.0026912065222859383,0.002735889982432127
0.002691785106435418,0.0027371018659323454
0.002691873349249363,0.002735759597271681
0.00269219814799726,0.0027377104852348566
0.0026919308584183455,0.0027351926546543837
0.0026919222436845303,0.0027376795187592506
0.0026914107147604227,0.002734225243330002
0.00269120279699564,0.002737276488915086
0.0026906414423137903,0.0027331295423209667
0.0026904346887022257,0.0027368199080228806
0.0026899969670921564,0.0027322620153427124
0.002689896384254098,0.002736561931669712
0.002689624670892954,0.0027316987980157137
0.0026896607596427202,0.002736542373895645
0.0026895119808614254,0.002731447108089924
0.0026896055787801743,0.002736639231443405
0.002689487300813198,0.0027313383761793375
0.002689539222046733,0.0027367062866687775
0.0026893606409430504,0.0027312033344060183
0.0026893289759755135,0.0027365866117179394
0.0026890893932431936,0.0027310242876410484
0.002689000917598605,0.002736300230026245
0.0026887496933341026,0.0027308277785778046
0.0026886595878750086,0.0027359318919479847
0.0026884451508522034,0.0027307027485221624
0.002688427222892642,0.0027355977799743414
0.002688296604901552,0.0027307176496833563
0.0026883624959737062,0.0027353763580322266
0.0026882875245064497,0.0027308480348438025
0.002688419772312045,0.002735219430178404
0.0026883797254413366,0.0027311360463500023
0.002688578562811017,0.0027351160533726215
0.0026886051055043936,0.0027315979823470116
0.0026889198925346136,0.002735152840614319
0.002689079847186804,0.0027323768008500338
0.002689638175070286,0.0027355134952813387
0.0026900635566562414,0.0027337470091879368
0.0026909722946584225,0.0027364317793399096
0.0026916551869362593,0.002735880436375737
0.0026928335428237915,0.0027378355152904987
0.002693458693102002,0.002738485811278224
0.002694420050829649,0.0027389645110815763
0.002694380935281515,0.0027404348365962505
0.002694559982046485,0.002738787094131112
0.002693682909011841,0.002740764059126377
0.002693180926144123,0.0027372478507459164
0.002692079171538353,0.0027399854734539986
0.0026915776543319225,0.0027355621568858624
0.002690790221095085,0.0027391533367335796
0.0026904912665486336,0.002734485547989607
0.0026898947544395924,0.002738337963819504
0.0026896223425865173,0.0027337162755429745
0.002689048647880554,0.00273716589435935
0.0026887536514550447,0.002733117202296853
0.002688302891328931,0.002735616872087121
0.002688240958377719,0.0027330201119184494
0.0026882134843617678,0.002734321402385831
0.0026886933483183384,0.002733841771259904
0.002689223736524582,0.0027338985819369555
0.002690250286832452,0.002735660644248128
0.002691033063456416,0.002734309295192361
0.0026921206153929234,0.002737737027928233
0.002692475914955139,0.002734818495810032
0.0026928656734526157,0.0027387451846152544
0.002692296402528882,0.002734451787546277
0.002691789763048291,0.002737949835136533
0.0026906596031039953,0.002733224304392934
0.0026898770593106747,0.0027361696120351553
0.002688920358195901,0.002732073189690709
0.002688484499230981,0.002734681824222207
0.002688068663701415,0.0027316927444189787
0.002688148058950901,0.002734085312113166
0.0026881929952651262,0.0027321805246174335
0.0026886144187301397,0.0027341963723301888
0.0026888330467045307,0.002733121160417795
0.0026892905589193106,0.002734570996835828
0.0026893471367657185,0.0027338904328644276
0.0026895564515143633,0.0027346790302544832
0.002689352026209235,0.002734138397499919
0.002689376939088106,0.0027344964910298586
0.0026891189627349377,0.002734075067564845
0.0026892086025327444,0.0027344056870788336
0.0026891117449849844,0.002734128152951598
0.002689417451620102,0.0027346545830368996
0.0026895003393292427,0.0027345281559973955
0.002689960179850459,0.00273515866138041
0.00269006728194654,0.002735072048380971
0.0026904784608632326,0.0027356110513210297
0.0026903848629444838,0.002735387533903122
0.002690544119104743,0.002735607558861375
0.0026902027893811464,0.00273525551892817
0.002690170658752322,0.0027352075558155775
0.0026897250209003687,0.002734801732003689
0.002689619082957506,0.002734685782343149
0.0026891969610005617,0.0027342780958861113
0.0026891082525253296,0.002734212903305888
0.0026887378189712763,0.0027337854262441397
0.002688670065253973,0.00273386063054204
0.0026883643586188555,0.0027333348989486694
0.0026883636601269245,0.0027336289640516043
0.0026881357189267874,0.0027329884469509125
0.0026881995145231485,0.002733550500124693
0.002688048640266061,0.0027327213902026415
0.0026881902012974024,0.0027336329221725464
0.0026881268713623285,0.002732536755502224
0.0026883871760219336,0.0027339118532836437
0.002688419073820114,0.0027324827387928963
0.002688741311430931,0.0027343593537807465
0.002688754815608263,0.0027324464172124863
0.0026890502776950598,0.0027347770519554615
0.002689014421775937,0.0027323889080435038
0.0026892602909356356,0.0027351134922355413
0.00268913502804935,0.0027322620153427124
0.0026892866007983685,0.0027352869510650635
0.002689083106815815,0.0027320177759975195
0.0026891755405813456,0.0027353372424840927
0.0026889380533248186,0.002731708576902747
0.0026890102308243513,0.002735308138653636
0.0026887785643339157,0.00273137423209846
0.0026888521388173103,0.0027352790348231792
0.0026886537671089172,0.0027310519944876432
0.002688739215955138,0.0027352666947990656
0.002688536187633872,0.002730772364884615
0.0026885936968028545,0.0027352222241461277
0.0026883825194090605,0.002730492502450943
0.002688427222892642,0.002735185669735074
0.0026882232632488012,0.002730232896283269
0.002688248408958316,0.0027351253665983677
0.0026880481746047735,0.0027299891225993633
0.0026880812365561724,0.0027351181488484144
0.002687895204871893,0.0027297406923025846
0.0026879082433879375,0.0027351027820259333
0.002687750617042184,0.00272954348474741
0.0026877904310822487,0.0027351551689207554
0.0026876938063651323,0.0027294254396110773
0.002687753178179264,0.0027352869510650635
0.002687691943719983,0.0027294170577079058
0.002687743166461587,0.0027354524936527014
0.0026877045165747404,0.0027294987812638283
0.002687732456251979,0.0027356063947081566
0.0026877066120505333,0.002729669213294983
0.002687686588615179,0.0027357074432075024
0.002687649102881551,0.002729847328737378
0.00268754200078547,0.002735687419772148
0.002687424421310425,0.002729924162849784
0.002687159925699234,0.0027353756595402956
0.0026868872810155153,0.0027297448832541704
0.002686448395252228,0.002734692534431815
0.0026860451325774193,0.002729213796555996
0.002685531973838806,0.0027337749488651752
0.002685116371139884,0.0027285174001008272
0.0026846814434975386,0.002732892520725727
0.0026844036765396595,0.002727862913161516
0.0026841992512345314,0.002732363296672702
0.0026841626968234777,0.002727472223341465
0.002684276085346937,0.002732329536229372
0.002684583654627204,0.0027275134343653917
0.002685133833438158,0.0027329272124916315
0.002685824641957879,0.002728167688474059
0.0026867880951613188,0.00273406645283103
0.0026877205818891525,0.002729595871642232
0.0026889669243246317,0.0027354711201041937
0.002689946908503771,0.0027318676002323627
0.002691366011276841,0.0027370036114007235
0.0026923860423266888,0.0027351926546543837
0.002694027731195092,0.0027387908194214106
0.0026948624290525913,0.002739331917837262
0.0026961162220686674,0.002740076743066311
0.002695895964279771,0.002742436481639743
0.0026960300747305155,0.0027394392527639866
0.002694876631721854,0.0027432213537395
0.0026943599805235863,0.0027375780045986176
0.0026929937303066254,0.002742334036156535
0.002692087320610881,0.00273539824411273
0.002690395573154092,0.002739773830398917
0.0026889985892921686,0.0027326983399689198
0.002687259344384074,0.002735848305746913
0.0026860518846660852,0.0027304503601044416
0.002685139188542962,0.002732321619987488
0.0026850204449146986,0.0027301921509206295
0.0026854551397264004,0.0027307539712637663
0.002686754334717989,0.002732369350269437
0.002688363427296281,0.0027316610794514418
0.0026905550621449947,0.0027360895182937384
0.0026921050157397985,0.0027340513188391924
0.0026935243513435125,0.0027388399466872215
0.00269336998462677,0.0027354254852980375
0.0026930009480565786,0.0027382727712392807
0.0026914572808891535,0.002734822453930974
0.0026903157122433186,0.0027355479542165995
0.0026888868305832148,0.002733726054430008
0.0026882535312324762,0.002733289496973157
0.0026877468917518854,0.002733648056164384
0.002687927335500717,0.002732666675001383
0.0026880516670644283,0.002734547480940819
0.0026885441038757563,0.0027330254670232534
0.0026886695995926857,0.002735367277637124
0.002688969951122999,0.0027332950849086046
0.0026887785643339157,0.0027352762408554554
0.002688826061785221,0.0027332319878041744
0.0026885124389082193,0.002734422218054533
0.0026885925326496363,0.0027333246544003487
0.002688467036932707,0.002733516041189432
0.0026888393331319094,0.0027339421212673187
0.0026889361906796694,0.00273306667804718
0.002689381828531623,0.0027347540017217398
0.002689286367967725,0.0027327637653797865
0.0026894172187894583,0.002734948880970478
0.002688981592655182,0.0027323197573423386
0.0026888232678174973,0.002734404057264328
0.0026882528327405453,0.002731803571805358
0.002688049105927348,0.0027336101047694683
0.0026875792536884546,0.0027314925100654364
0.002687502419576049,0.0027329414151608944
0.0026871985755860806,0.00273150741122663
0.0026872341986745596,0.0027325486298650503
0.0026870446745306253,0.0027317123021930456
0.0026871913578361273,0.0027323870453983545
0.0026871119625866413,0.0027320897206664085
0.002687352942302823,0.002732433844357729
0.0026873648166656494,0.0027325861155986786
0.0026877180207520723,0.002732686698436737
0.0026877957861870527,0.002733172383159399
0.002688191831111908,0.002733060624450445
0.0026882453821599483,0.0027336657512933016
0.002688612090423703,0.0027334289625287056
0.002688528737053275,0.0027338278014212847
0.0026887143030762672,0.0027335763443261385
0.00268841371871531,0.0027335211634635925
0.0026883785612881184,0.002733328379690647
0.002687928732484579,0.002732880413532257
0.002687770174816251,0.002732855034992099
0.0026872989255934954,0.00273209810256958
0.002687174594029784,0.0027324093971401453
0.0026868286076933146,0.0027314990293234587
0.002686846535652876,0.002732171444222331
0.00268667284399271,0.0027311723679304123
0.0026868293061852455,0.0027322364039719105
0.0026867634151130915,0.002731040585786104
0.002687001135200262,0.002732449909672141
0.002686943393200636,0.002731046639382839
0.0026871501468122005,0.002732620807364583
0.0026870432775467634,0.0027310573495924473
0.002687230706214905,0.002732726978138089
0.0026871098671108484,0.002731112064793706
0.0026872919406741858,0.002732780296355486
0.0026871690060943365,0.0027312233578413725
0.0026873641181737185,0.0027328263968229294
0.002687226515263319,0.002731375629082322
0.00268737250007689,0.002732772845774889
0.002687181578949094,0.0027314929757267237
0.002687315922230482,0.002732646418735385
0.002687131054699421,0.0027316021732985973
0.0026872497983276844,0.002732509281486273
0.002687054220587015,0.0027317190542817116
0.002687181578949094,0.0027323442045599222
0.002686999971047044,0.0027318878564983606
0.00268710614182055,0.002732182154431939
0.0026869033463299274,0.0027320559602230787
0.0026870209258049726,0.002732016146183014
0.002686855150386691,0.0027322459500283003
0.0026869969442486763,0.0027319202199578285
0.002686842577531934,0.002732454566285014
0.002686997875571251,0.0027318501379340887
0.002686889609321952,0.0027327125426381826
0.0026871056761592627,0.002731892978772521
0.0026870237197726965,0.00273301568813622
0.002687243279069662,0.002731952117756009
0.002687139669433236,0.0027332876343280077
0.002687320113182068,0.002731982385739684
0.0026871406007558107,0.002733383094891906
0.0026872376911342144,0.0027318885549902916
0.0026869927532970905,0.002733285306021571
0.0026870255824178457,0.0027317004278302193
0.002686749678105116,0.002733023138716817
0.002686777152121067,0.0027315032202750444
0.002686540363356471,0.002732681343331933
0.0026866148691624403,0.0027314310427755117
0.0026864255778491497,0.0027323183603584766
0.0026865361724048853,0.0027314310427755117
0.002686389023438096,0.00273194070905447
0.0026865422260016203,0.00273156282491982
0.0026864190585911274,0.0027315253391861916
0.0026865804102271795,0.0027317421045154333
0.002686450956389308,0.0027310580480843782
0.0026866281405091286,0.0027319800574332476
0.0026865308173000813,0.0027305707335472107
0.0026867548003792763,0.002732332795858383
0.002686677500605583,0.0027300911024212837
0.002686927327886224,0.0027327972929924726
0.002686877502128482,0.0027296312619000673
0.002687168773263693,0.002733379602432251
0.002687163185328245,0.002729275729507208
0.002687480067834258,0.0027340746019035578
0.0026874702889472246,0.0027289960999041796
0.002687696134671569,0.002734687877818942
0.0026875792536884546,0.0027286969125270844
0.0026876109186559916,0.002734975190833211
0.0026873056776821613,0.0027282603550702333
0.0026871119625866413,0.002734750509262085
0.002686659572646022,0.002727711107581854
0.00268629752099514,0.002734022680670023
0.0026857960037887096,0.0027271565049886703
0.002685468178242445,0.002733101136982441
0.0026850926224142313,0.0027268652338534594
0.002684950362890959,0.0027323162648826838
0.0026847815606743097,0.0027269937563687563
0.0026848551351577044,0.0027318804059177637
0.002684811595827341,0.002727431245148182
0.00268493196927011,0.0027316275518387556
0.002684806939214468,0.002727859653532505
0.002684782026335597,0.002731240587309003
0.00268448400311172,0.00272802053950727
0.002684324514120817,0.0027306198608130217
0.0026839582715183496,0.0027279125060886145
0.002683793194591999,0.0027299898210912943
0.0026835345197468996,0.0027277693152427673
0.0026835601311177015,0.0027296387124806643
0.002683563157916069,0.0027279341593384743
0.0026839005295187235,0.0027297865599393845
0.002684232546016574,0.0027286058757454157
0.0026849594432860613,0.002730555832386017
0.0026856516487896442,0.0027300193905830383
0.0026868239510804415,0.002732031513005495
0.002687854692339897,0.0027323246467858553
0.0026894009206444025,0.002734204987064004
0.0026903932448476553,0.0027352278120815754
0.002691681729629636,0.0027361446991562843
0.0026916800998151302,0.002737224567681551
0.002691684989258647,0.002735980786383152
0.002690316643565893,0.0027367579750716686
0.0026892912574112415,0.0027335917111486197
0.0026877354830503464,0.0027349062729626894
0.002686927327886224,0.002731269458308816
0.0026861412916332483,0.0027337835635989904
0.002686062129214406,0.0027303360402584076
0.002685972722247243,0.0027339512016624212
0.0026863294187933207,0.002730432664975524
0.0026863606180995703,0.002734482754021883
0.0026865387335419655,0.0027305646799504757
0.0026861599180847406,0.002734089968726039
0.0026858970522880554,0.0027300971560180187
0.00268530729226768,0.0027326003182679415
0.002685071201995015,0.0027296936605125666
0.002684824401512742,0.0027310901787132025
0.002685138490051031,0.0027301812078803778
0.0026855438482016325,0.002730591455474496
0.0026865697000175714,0.002731887623667717
0.0026874446775764227,0.0027311895973980427
0.0026887208223342896,0.0027342045214027166
0.0026892840396612883,0.00273195025511086
0.0026899080257862806,0.002735560992732644
0.002689424669370055,0.0027315830811858177
0.002688963431864977,0.002734903711825609
0.002687735017389059,0.002729992149397731
0.0026868353597819805,0.0027330415323376656
0.0026856909971684217,0.0027282864321023226
0.0026850602589547634,0.0027314056642353535
0.002684431616216898,0.0027273022569715977
0.002684281673282385,0.002730604261159897
0.00268410611897707,0.0027271579019725323
0.0026842902880162,0.0027304701507091522
0.0026843082159757614,0.0027274983003735542
0.0026845571119338274,0.0027305930852890015
0.0026845282409340143,0.0027278512716293335
0.0026846963446587324,0.0027306315023452044
0.0026845692191272974,0.0027280140202492476
0.0026846686378121376,0.002730574458837509
0.002684523118659854,0.0027280228678137064
0.002684698672965169,0.0027306019328534603
0.002684730803593993,0.00272822636179626
0.002685135928913951,0.002730983542278409
0.002685386221855879,0.0027288361452519894
0.0026860362850129604,0.002731757704168558
0.002686399733647704,0.0027298855129629374
0.002687096130102873,0.002732620807364583
0.002687310567125678,0.0027310065925121307
0.002687788335606456,0.00273311510682106
0.0026876097545027733,0.0027317230124026537
0.0026877059135586023,0.00273284874856472
0.0026871960144490004,0.0027318759821355343
0.0026870309375226498,0.002732019405812025
0.0026864365208894014,0.00273168389685452
0.0026862698141485453,0.0027311136946082115
0.0026858437340706587,0.0027316438499838114
0.0026858574710786343,0.002730538137257099
0.002685661194846034,0.002731985179707408
0.0026858532801270485,0.0027303528040647507
0.002685760147869587,0.002732563065364957
0.0026859622448682785,0.0027303087990731
0.0026858195196837187,0.002733049914240837
0.0026859508361667395,0.0027301828376948833
0.0026857121847569942,0.0027331917081028223
0.002685744082555175,0.002729985164478421
0.0026854455936700106,0.0027329360600560904
0.002685468178242445,0.002729815198108554
0.002685211831703782,0.0027324401307851076
0.002685300540179014,0.002729825209826231
0.00268514989875257,0.0027318622451275587
0.0026853771414607763,0.0027301048394292593
0.0026853696908801794,0.0027313423343002796
0.002685744082555175,0.0027306699194014072
0.00268581323325634,0.0027308741118758917
0.002686240943148732,0.0027313660830259323
0.0026862823870033026,0.0027303677052259445
0.002686650026589632,0.0027320219669491053
0.0026865368708968163,0.0027297120541334152
0.0026866996195167303,0.0027323944959789515
0.0026863764505833387,0.0027288245037198067
0.002686356194317341,0.0027324699331074953
0.002685931045562029,0.002727833343669772
0.002685804385691881,0.002732375171035528
0.002685367362573743,0.002726952312514186
0.0026852129958570004,0.0027321677189320326
0.002684855367988348,0.0027263218071311712
0.002684751059859991,0.002731967717409134
0.002684482606127858,0.0027259737253189087
0.0026844139210879803,0.002731736283749342
0.0026842146180570126,0.0027258568443357944
0.002684180624783039,0.0027314776089042425
0.0026840055361390114,0.00272589479573071
0.0026839780621230602,0.0027311595622450113
0.002683797152712941,0.0027259832713752985
0.0026837484911084175,0.00273077841848135
0.0026835377793759108,0.0027260645292699337
0.002683449536561966,0.002730333711951971
0.0026831887662410736,0.002726036822423339
0.0026830616407096386,0.002729829866439104
0.0026827806141227484,0.002725907601416111
0.002682673279196024,0.0027293364983052015
0.002682465361431241,0.0027257746551185846
0.0026824891101568937,0.002729044994339347
0.002682432532310486,0.002725807949900627
0.0026826506946235895,0.002729056403040886
0.0026828034315258265,0.0027261239010840654
0.002683275379240513,0.002729480853304267
0.00268364604562521,0.0027268463745713234
0.0026843876112252474,0.002730316948145628
0.00268500461243093,0.002728167222812772
0.0026861040387302637,0.0027316969353705645
0.002686940599232912,0.00273022404871881
0.002688225358724594,0.0027334534097462893
0.002688803244382143,0.002732574474066496
0.0026895867194980383,0.0027344704139977694
0.002689206041395664,0.002733849221840501
0.0026889711152762175,0.002733635948970914
0.0026877825148403645,0.0027334147598594427
0.002687072614207864,0.002731604501605034
0.0026860337238758802,0.002732556313276291
0.002685702405869961,0.002730078063905239
0.00268531427718699,0.0027325344271957874
0.002685521263629198,0.0027296931948512793
0.0026855110190808773,0.0027332964818924665
0.0026858251076191664,0.0027297649066895247
0.0026856090407818556,0.0027337472420185804
0.002685536164790392,0.0027294426690787077
0.0026849263813346624,0.0027329782024025917
0.002684535924345255,0.002728676423430443
0.0026838756166398525,0.0027314163744449615
0.0026836555916815996,0.0027281763032078743
0.0026834565214812756,0.002730094827711582
0.002683846512809396,0.002728760242462158
0.0026842986699193716,0.002729747211560607
0.0026853224262595177,0.0027304452378302813
0.002686131279915571,0.0027302533853799105
0.002687320578843355,0.002732563763856888
0.0026877569034695625,0.0027306859847158194
0.002688263077288866,0.0027336813509464264
0.0026877245400100946,0.002730084815993905
0.0026872518938034773,0.0027329756412655115
0.0026860558427870274,0.002728457795456052
0.002685205778107047,0.0027313013561069965
0.0026841294020414352,0.0027267627883702517
0.0026835387106984854,0.0027298694476485252
0.0026829468552023172,0.0027257471811026335
0.0026828120462596416,0.0027291993610560894
0.0026826488319784403,0.0027255022432655096
0.0026828190311789513,0.002729120198637247
0.0026828444097191095,0.0027257949113845825
0.002683128695935011,0.002729260828346014
0.002683172468096018,0.0027262382209300995
0.0026834236923605204,0.002729423576965928
0.002683367347344756,0.0027265329845249653
0.0026835196185857058,0.00272943708114326
0.002683392958715558,0.0027267029508948326
0.002683556405827403,0.0027294079773128033
0.002683550352230668,0.002726978622376919
0.0026839207857847214,0.0027296862099319696
0.0026841110084205866,0.0027276240289211273
0.00268468726426363,0.002730282489210367
0.0026849587447941303,0.0027286310214549303
0.0026855766773223877,0.002730977488681674
0.0026857531629502773,0.0027297174092382193
0.002686231629922986,0.0027314024046063423
0.0026861028745770454,0.0027305653784424067
0.002686239080503583,0.002731181913986802
0.0026857703924179077,0.002730825450271368
0.002685640472918749,0.002730422653257847
0.0026850879658013582,0.002730721142143011
0.002684975741431117,0.0027296144980937243
0.0026845817919820547,0.002730716485530138
0.002684591570869088,0.0027291136793792248
0.0026843564119189978,0.002730931853875518
0.0026844944804906845,0.0027288917917758226
0.0026843335945159197,0.002731308341026306
0.002684455830603838,0.002728747669607401
0.002684216480702162,0.002731428714469075
0.0026842423249036074,0.0027285360265523195
0.0026839354541152716,0.002731185406446457
0.0026839219499379396,0.002728275954723358
0.00268364860676229,0.0027307302225381136
0.0026837268378585577,0.0027282261289656162
0.0026835990138351917,0.0027302324306219816
0.0026838532648980618,0.002728539053350687
0.002683892147615552,0.0027298671193420887
0.0026843135710805655,0.002729160012677312
0.0026844446547329426,0.002729585627093911
0.002684902399778366,0.002729937434196472
0.0026849329005926847,0.0027291704900562763
0.002685228828340769,0.0027304987888783216
0.0026850339490920305,0.0027284901589155197
0.002685138490051031,0.0027307081036269665
0.002684798091650009,0.002727624960243702
0.0026847789995372295,0.0027307127602398396
0.0026843815576285124,0.0027266996912658215
0.002684306353330612,0.002730620326474309
0.0026839571073651314,0.002725887345150113
0.0026839175261557102,0.0027305688709020615
0.0026836395263671875,0.0027252696454524994
0.0026836113538593054,0.0027305178809911013
0.002683362690731883,0.0027248775586485863
0.002683337079361081,0.0027303819078952074
0.00268311845138669,0.002724687336012721
0.002683076774701476,0.0027301679365336895
0.0026828444097191095,0.0027245657984167337
0.002682782243937254,0.002729857573285699
0.002682542661204934,0.0027245262172073126
0.002682458609342575,0.0027294561732560396
0.002682202495634556,0.0027244817465543747
0.0026821200735867023,0.002729024738073349
0.0026819026097655296,0.0027244542725384235
0.0026818704791367054,0.002728660823777318
0.002681694459170103,0.002724455203860998
0.002681683050468564,0.002728366293013096
0.0026815186720341444,0.0027244528755545616
0.0026815461460500956,0.0027281162329018116
0.002681438345462084,0.002724503865465522
0.0026815361343324184,0.0027279770001769066
0.002681491430848837,0.0027246330864727497
0.0026817070320248604,0.0027279958594590425
0.0026818043552339077,0.002724993508309126
0.002682208316400647,0.0027282857336103916
0.0026824830565601587,0.002725719241425395
0.002683131955564022,0.002728946739807725
0.0026836618781089783,0.002727014245465398
0.002684683771803975,0.0027301579248160124
0.0026854686439037323,0.0027291213627904654
0.0026867424603551626,0.002731808926910162
0.0026873608585447073,0.0027315914630889893
0.0026882486417889595,0.0027329318691045046
0.0026880046352744102,0.002733133267611265
0.0026879291981458664,0.0027323293033987284
0.002686834894120693,0.002733006374910474
0.0026862157974392176,0.0027304484974592924
0.0026851810980588198,0.002732278546318412
0.00268483511172235,0.002728930674493313
0.0026843638624995947,0.0027322033420205116
0.0026844835374504328,0.0027283956296741962
0.0026843082159757614,0.0027326636482030153
0.002684427425265312,0.0027282184455543756
0.0026839866768568754,0.0027325127739459276
0.0026836777105927467,0.0027275467291474342
0.0026828921400010586,0.0027310976292937994
0.0026823782827705145,0.0027265953831374645
0.002681731479242444,0.002729114843532443
0.002681588986888528,0.002726280363276601
0.0026816027238965034,0.0027277821209281683
0.002682269085198641,0.00272733555175364
0.0026830839924514294,0.00272777839563787
0.0026844977401196957,0.002729743020609021
0.0026855729520320892,0.002728754887357354
0.0026868872810155153,0.002732229419052601
0.002687178086489439,0.0027293663006275892
0.0026873769238591194,0.0027329453732818365
0.0026864244136959314,0.0027284754905849695
0.002685555489733815,0.002731475280597806
0.0026840935461223125,0.0027266032993793488
0.0026831026189029217,0.002729262923821807
0.002682066522538662,0.002725055208429694
0.0026816162280738354,0.002727807965129614
0.0026812530122697353,0.002724497811868787
0.002681383164599538,0.002727409126237035
0.0026814639568328857,0.0027248479891568422
0.002681856043636799,0.0027276361361145973
0.002682006685063243,0.00272553414106369
0.0026823487132787704,0.0027279153000563383
0.0026823088992387056,0.0027260431088507175
0.0026824376545846462,0.002727894112467766
0.0026822322979569435,0.0027261560317128897
0.0026822888758033514,0.0027277469635009766
0.0026821247301995754,0.0027261509094387293
0.0026823445223271847,0.002727826125919819
0.002682446502149105,0.0027264785021543503
0.0026829815469682217,0.0027284163516014814
0.002683323575183749,0.0027272766456007957
0.0026840632781386375,0.0027293749153614044
0.002684373874217272,0.0027283071540296078
0.002684938255697489,0.0027301001828163862
0.0026848625857383013,0.002729021245613694
0.002685023006051779,0.0027300440706312656
0.0026845254469662905,0.0027290957514196634
0.0026843324303627014,0.002729266881942749
0.002683676080778241,0.002728685038164258
0.002683454193174839,0.0027283220551908016
0.002682972466573119,0.00272833788767457
0.002682928927242756,0.0027277201879769564
0.0026826607063412666,0.0027282654773443937
0.0026827582623809576,0.002727487124502659
0.002682593185454607,0.0027283835224807262
0.0026827219408005476,0.0027273809537291527
0.0026825186796486378,0.002728483872488141
0.0026825666427612305,0.0027272021397948265
0.002682306105270982,0.002728429390117526
0.0026823345106095076,0.0027269620914012194
0.002682124963030219,0.0027283402159810066
0.002682254184037447,0.002726893872022629
0.0026821796782314777,0.0027283472009003162
0.0026824739761650562,0.0027271383441984653
0.0026825445238500834,0.002728532999753952
0.002682965947315097,0.0027276515029370785
0.0026830576825886965,0.0027287572156637907
0.0026834500022232533,0.0027281795628368855
0.0026834122836589813,0.0027287646662443876
0.002683651400730014,0.0027284652460366488
0.0026833987794816494,0.0027283807285130024
0.0026834027376025915,0.0027283579111099243
0.0026829747948795557,0.002727580489590764
0.0026828742120414972,0.0027280449867248535
0.002682468155398965,0.002726677106693387
0.002682459307834506,0.002727857092395425
0.0026822357904165983,0.0027259408961981535
0.002682408085092902,0.0027280275244265795
0.0026823568623512983,0.002725419821217656
0.0026826413813978434,0.002728506224229932
0.0026826178655028343,0.0027249923441559076
0.002682886552065611,0.0027290666475892067
0.0026828045956790447,0.0027245497331023216
0.0026829554699361324,0.0027295532636344433
0.0026828187983483076,0.002724085934460163
0.002682906109839678,0.002729993313550949
0.0026827591937035322,0.0027237143367528915
0.002682782243937254,0.002730338601395488
0.0026826681569218636,0.0027234493754804134
0.0026826178655028343,0.0027305230032652617
0.0026824316009879112,0.0027232342399656773
0.002682225313037634,0.002730283886194229
0.0026819384656846523,0.0027230065315961838
0.0026816525496542454,0.0027296494226902723
0.0026813906151801348,0.002722927602007985
0.002681202255189419,0.0027289348654448986
0.0026810376439243555,0.002723150886595249
0.002680953359231353,0.00272834743373096
0.002680839505046606,0.002723533194512129
0.0026807670947164297,0.0027278177440166473
0.0026805317029356956,0.0027238025795668364
0.002680292585864663,0.0027270594146102667
0.002679868834093213,0.002723609795793891
0.0026795202866196632,0.002726092468947172
0.0026790935080498457,0.002723174635320902
0.002678878838196397,0.00272525567561388
0.00267870188690722,0.0027229678817093372
0.0026788755785673857,0.002725014928728342
0.0026791845448315144,0.002723369048908353
0.002679952420294285,0.0027257560286670923
0.002680838108062744,0.0027248042169958353
0.0026822888758033514,0.002727602841332555
0.0026837035547941923,0.0027274906169623137
0.002685685409232974,0.0027304780669510365
0.002687049563974142,0.0027309423312544823
0.0026885729748755693,0.002732946304604411
0.0026884961407631636,0.002733048750087619
0.002688252367079258,0.002732479479163885
0.0026864802930504084,0.002732018241658807
0.0026850926224142313,0.002729429630562663
0.0026833349838852882,0.0027296547777950764
0.002682426245883107,0.0027268617413938046
0.002681697253137827,0.0027285206597298384
0.0026816832832992077,0.002726081060245633
0.0026816879399120808,0.002728912280872464
0.0026820802595466375,0.002726292237639427
0.0026821396313607693,0.0027297341730445623
0.0026823561638593674,0.002726379781961441
0.0026820965576916933,0.002729840110987425
0.0026820364873856306,0.0027260645292699337
0.0026816795580089092,0.0027291616424918175
0.002681741723790765,0.002725980244576931
0.0026817272882908583,0.002728544408455491
0.002682262798771262,0.0027267574332654476
0.002682705409824848,0.002728549065068364
0.002683661412447691,0.00272834999486804
0.0026841722428798676,0.002728835679590702
0.0026849640998989344,0.0027298128698021173
0.00268492940813303,0.0027284841053187847
0.0026850763242691755,0.0027302184607833624
0.002684420207515359,0.0027272063307464123
0.002684043487533927,0.002729573752731085
0.0026831619907170534,0.0027256207540631294
0.00268269469961524,0.0027286107651889324
0.0026819698978215456,0.0027243117801845074
0.0026816565077751875,0.0027278761845082045
0.002681171288713813,0.0027234016451984644
0.002681035315617919,0.0027274521999061108
0.002680737292394042,0.0027228808030486107
0.0026807314716279507,0.002727205166593194
0.0026805484667420387,0.0027227357495576143
0.002680633682757616,0.0027270435821264982
0.002680534729734063,0.002722924342378974
0.002680727746337652,0.0027269762940704823
0.0026807573158293962,0.002723410027101636
0.00268110865727067,0.0027271280996501446
0.0026812516152858734,0.002724137157201767
0.002681741723790765,0.0027275015600025654
0.002681967569515109,0.002725104568526149
0.0026825303211808205,0.002727985382080078
0.002682720310986042,0.0027262174990028143
0.0026832183357328176,0.0027283881790935993
0.0026831901632249355,0.0027271616272628307
0.00268345745280385,0.002728415885940194
0.0026831733994185925,0.0027277383487671614
0.002683202037587762,0.002727977465838194
0.002682751277461648,0.0027279399801045656
0.002682682126760483,0.0027273164596408606
0.002682269085198641,0.0027280389331281185
0.002682276302948594,0.0027267616242170334
0.002681986428797245,0.002728242427110672
0.0026820844504982233,0.0027264319360256195
0.0026818695478141308,0.002728470601141453
0.002681982470676303,0.0027262538205832243
0.0026817601174116135,0.00272856536321342
0.002681819722056389,0.0027260833885520697
0.002681528218090534,0.00272836210206151
0.00268152286298573,0.0027258575428277254
0.0026812225114554167,0.0027278976049274206
0.002681265352293849,0.002725728088989854
0.002681079553440213,0.0027273893356323242
0.0026812576688826084,0.0027258731424808502
0.0026812152937054634,0.0027269520796835423
0.0026815482415258884,0.002726331353187561
0.0026816106401383877,0.002726623322814703
0.0026820434723049402,0.002726985141634941
0.0026820930652320385,0.002726307138800621
0.0026824355591088533,0.0027275830507278442
0.0026823091320693493,0.0027257774490863085
0.0026824830565601587,0.0027278955094516277
0.0026822120416909456,0.0027250819839537144
0.0026822485961019993,0.002727972576394677
0.0026818709447979927,0.002724285004660487
0.002681810175999999,0.002727875718846917
0.002681418089196086,0.002723489888012409
0.0026813424192368984,0.0027277155313640833
0.002681015059351921,0.002722859615460038
0.002680985489860177,0.0027275867760181427
0.0026807368267327547,0.0027224316727370024
0.0026807445101439953,0.002727477578446269
0.002680544275790453,0.0027222170028835535
0.0026805754750967026,0.0027273271698504686
0.0026803866494446993,0.002722137840464711
0.0026804080698639154,0.002727110870182514
0.002680220641195774,0.0027221322525292635
0.0026802532374858856,0.0027268361300230026
0.002680073957890272,0.002722207922488451
0.002680128673091531,0.002726554172113538
0.0026799666229635477,0.002722358563914895
0.0026800467167049646,0.002726283622905612
0.0026799228508025408,0.0027226221282035112
0.0026801025960594416,0.0027261131908744574
0.0026800869964063168,0.002723117358982563
0.002680392237380147,0.0027261488139629364
0.0026804921217262745,0.0027238784823566675
0.0026809494011104107,0.0027264237869530916
0.0026811808347702026,0.00272499886341393
0.0026818292681127787,0.002726969076320529
0.0026821536011993885,0.0027264936361461878
0.002682857448235154,0.0027276682667434216
0.00268307002261281,0.002728074789047241
0.0026836241595447063,0.0027281101793050766
0.0026835238095372915,0.0027293215971440077
0.002683754777535796,0.0027279758360236883
0.002683318452909589,0.0027299225330352783
0.002683263970538974,0.0027273132000118494
0.0026826828252524137,0.00272999401204288
0.002682536141946912,0.002726471982896328
0.0026819794438779354,0.0027297979686409235
0.0026818441692739725,0.00272573996335268
0.0026813203003257513,0.002729391446337104
0.002681128215044737,0.002725055208429694
0.0026805794332176447,0.0027285723481327295
0.002680328208953142,0.0027244174852967262
0.0026798206381499767,0.002727366518229246
0.0026796534657478333,0.002724018646404147
0.002679381985217333,0.002726113423705101
0.002679545897990465,0.0027242389041930437
0.0026796949096024036,0.0027252703439444304
0.0026803070213645697,0.0027252777945250273
0.002680792473256588,0.0027250361163169146
0.0026816611643880606,0.002726850798353553
0.0026821321807801723,0.002725128550082445
0.0026828476693481207,0.0027283027302473783
0.0026828825939446688,0.0027250342536717653
0.0026830467395484447,0.0027288657147437334
0.0026825065724551678,0.0027243674267083406
0.002682147081941366,0.002728331135585904
0.002681319136172533,0.0027232980355620384
0.0026808148249983788,0.0027272116858512163
0.0026801221538335085,0.0027223234064877033
0.002679843222722411,0.0027262477669864893
0.0026794932782649994,0.0027218800969421864
0.002679555444046855,0.002725775120779872
0.0026795188896358013,0.0027220796328037977
0.0026798048056662083,0.0027257525362074375
0.0026798290200531483,0.002722610719501972
0.0026800453197211027,0.0027257686015218496
0.0026798644103109837,0.00272296741604805
0.002679846715182066,0.002725454280152917
0.002679482102394104,0.0027229650877416134
0.0026793426368385553,0.00272493832744658
0.0026789831463247538,0.0027227371465414762
0.002678939141333103,0.002724558115005493
0.0026787787210196257,0.0027226542588323355
0.002678978955373168,0.002724572317674756
0.0026791030541062355,0.0027229373808950186
0.0026796027086675167,0.002725104568526149
0.0026799431070685387,0.002723620506003499
0.0026806488167494535,0.002725994447246194
0.0026810530107468367,0.002724690595641732
0.0026817708276212215,0.002726917853578925
0.002682024845853448,0.0027258333284407854
0.0026825848035514355,0.0027275853790342808
0.0026825284585356712,0.0027267495170235634
0.0026827584952116013,0.002727617509663105
0.0026823445223271847,0.0027271369472146034
0.002682268153876066,0.0027270244900137186
0.0026816539466381073,0.00272700609639287
0.0026814709417521954,0.0027261381037533283
0.002680947771295905,0.00272681238129735
0.0026809084229171276,0.002725426573306322
0.002680638339370489,0.0027269443962723017
0.0026808183174580336,0.002725184429436922
0.0026807289104908705,0.0027274531312286854
0.0026809966657310724,0.002725170459598303
0.002680888632312417,0.0027280449867248535
0.0026810334529727697,0.002725041238591075
0.0026807188987731934,0.0027281534858047962
0.002680631587281823,0.002724621444940567
0.002680139383301139,0.0027275995817035437
0.0026799184270203114,0.002724048448726535
0.0026794427540153265,0.002726614475250244
0.0026793365832418203,0.002723732264712453
0.002679110737517476,0.002725686179473996
0.0026793109718710184,0.0027239739429205656
0.002679424826055765,0.0027251343708485365
0.0026799605693668127,0.0027248263359069824
0.002680299337953329,0.002724961843341589
0.00268099014647305,0.0027260284405201674
0.0026812811847776175,0.0027248775586485863
0.0026818683836609125,0.002727128565311432
0.0026818811893463135,0.002724588382989168
0.0026821387000381947,0.0027277194894850254
0.002681807614862919,0.002723927143961191
0.0026817189063876867,0.0027277078479528427
0.002681145677343011,0.0027229224797338247
0.0026808881666511297,0.002727273153141141
0.002680345205590129,0.0027218619361519814
0.0026801249478012323,0.00272682448849082
0.0026797412429004908,0.002721058903262019
0.002679653698578477,0.002726498991250992
0.0026794516015797853,0.002720762975513935
0.002679514931514859,0.002726365812122822
0.0026794516015797853,0.0027209254913032055
0.002679593162611127,0.0027263956144452095
0.0026795505546033382,0.0027213238645344973
0.0026796390302479267,0.0027264237869530916
0.002679522382095456,0.0027217029128223658
0.002679472556337714,0.0027263208758085966
0.002679229248315096,0.0027217816095799208
0.0026790136471390724,0.002725990954786539
0.0026786625385284424,0.0027215455193072557
0.0026783267967402935,0.002725417260080576
0.002677924931049347,0.0027210202533751726
0.002677554963156581,0.0027247481048107147
0.002677193144336343,0.0027203087229281664
0.0026769316755235195,0.0027241806965321302
0.002676761709153652,0.002719766926020384
0.002676765201613307,0.002723975805565715
0.002676882781088352,0.0027195746079087257
0.002677262295037508,0.0027243297081440687
0.0026777219027280807,0.002719954587519169
0.0026784532237797976,0.002725212601944804
0.002679099328815937,0.0027209019754081964
0.00268000946380198,0.0027263734955340624
0.002680661389604211,0.002722249599173665
0.0026816045865416527,0.0027275364845991135
0.0026821172796189785,0.0027240377385169268
0.0026829943526536226,0.002728463849052787
0.0026832344010472298,0.0027260363567620516
0.0026838011108338833,0.0027287916745990515
0.0026834793388843536,0.002727511804550886
0.002683470258489251,0.0027280140202492476
0.002682704944163561,0.0027280005160719156
0.002682469319552183,0.002726672450080514
0.00268184975720942,0.002728249877691269
0.002681846497580409,0.0027257835026830435
0.0026815314777195454,0.002728845924139023
0.0026816404424607754,0.0027253669686615467
0.0026812381111085415,0.0027291844598948956
0.0026810639537870884,0.0027247273828834295
0.002680320991203189,0.0027284466195851564
0.002679820405319333,0.002723627258092165
0.002679007826372981,0.0027267553377896547
0.002678628545254469,0.0027228128165006638
0.002678251126781106,0.0027251029387116432
0.002678487915545702,0.002723090350627899
0.002678867429494858,0.002724443096667528
0.0026798746548593044,0.002724724356085062
0.002680752193555236,0.002724860329180956
0.0026820420753210783,0.0027269693091511726
0.002682645805180073,0.002725499216467142
0.002683317521587014,0.0027283774688839912
0.002682893304154277,0.002725164871662855
0.0026824777014553547,0.0027278494089841843
0.002681267913430929,0.0027236982714384794
0.0026803973596543074,0.0027261003851890564
0.002679260214790702,0.0027220856864005327
0.002678644610568881,0.002724521793425083
0.0026780336629599333,0.00272111757658422
0.002677965210750699,0.002723817713558674
0.0026779037434607744,0.0027210491243749857
0.002678247634321451,0.0027239168994128704
0.002678393851965666,0.0027216332964599133
0.0026787780225276947,0.0027242007199674845
0.002678816206753254,0.0027223178185522556
0.0026790774427354336,0.0027243071235716343
0.0026790094561874866,0.002722892677411437
0.002679259516298771,0.002724329475313425
0.0026792767457664013,0.002723501529544592
0.0026796855963766575,0.002724634949117899
0.0026798322796821594,0.002724252175539732
0.002680368721485138,0.002725188620388508
0.0026805114466696978,0.0027250954881310463
0.0026809885166585445,0.0027256738394498825
0.0026809012051671743,0.002725602826103568
0.0026810425333678722,0.002725685713812709
0.0026805666275322437,0.002725461032241583
0.002680376637727022,0.0027249925769865513
0.0026797675527632236,0.00272492878139019
0.002679540077224374,0.00272417813539505
0.0026790660340338945,0.0027244328521192074
0.0026790029369294643,0.0027236335445195436
0.00267874076962471,0.0027242398355156183
0.0026788567192852497,0.0027234458830207586
0.0026787486858665943,0.002724203746765852
0.0026789503172039986,0.002723562764003873
0.0026788562536239624,0.002724153222516179
0.0026790450792759657,0.002723697340115905
0.0026789235416799784,0.0027240233030170202
0.00267907977104187,0.002723810262978077
0.0026789321564137936,0.0027238065376877785
0.0026791116688400507,0.002723940648138523
0.002678990364074707,0.0027236503083258867
0.0026792078278958797,0.002724115503951907
0.002679127035662532,0.0027235494926571846
0.0026793836150318384,0.0027243776712566614
0.0026792888529598713,0.0027234256267547607
0.00267952773720026,0.0027246063109487295
0.002679399447515607,0.0027232144493609667
0.002679587807506323,0.002724758582189679
0.0026793943252414465,0.0027228998951613903
0.0026794918812811375,0.0027247637044638395
0.0026791910640895367,0.0027224349323660135
0.0026791708078235388,0.0027245990931987762
0.002678812015801668,0.0027218435425311327
0.0026787775568664074,0.0027243930380791426
0.002678485354408622,0.0027212747372686863
0.0026785158552229404,0.00272434507496655
0.002678321208804846,0.002720826305449009
0.002678456949070096,0.0027244784869253635
0.0026783698704093695,0.0027205604128539562
0.002678569871932268,0.002724786289036274
0.002678537042811513,0.0027203636709600687
0.002678763121366501,0.0027251839637756348
0.0026787263341248035,0.002720229560509324
0.0026788986288011074,0.002725521568208933
0.0026787954848259687,0.0027200584299862385
0.002678859978914261,0.002725682221353054
0.002678654622286558,0.0027198244351893663
0.0026785926893353462,0.0027255783788859844
0.002678320277482271,0.002719529904425144
0.0026782245840877295,0.0027252896688878536
0.0026779668405652046,0.0027192675042897463
0.0026778888422995806,0.0027249413542449474
0.0026776741724461317,0.0027191112749278545
0.002677659038454294,0.002724567661061883
0.002677509794011712,0.002719159470871091
0.002677562180906534,0.002724232617765665
0.0026774464640766382,0.0027193822897970676
0.0026775524020195007,0.002723914571106434
0.002677447162568569,0.0027197764720767736
0.0026775714941322803,0.002723598387092352
0.0026774704456329346,0.0027202984783798456
0.0026776352897286415,0.002723314333707094
0.0026776143349707127,0.0027210547123104334
0.00267796334810555,0.002723253797739744
0.0026781868655234575,0.0027223718352615833
0.0026789039839059114,0.002723728073760867
0.0026795421727001667,0.0027245990931987762
0.0026808034162968397,0.002725085476413369
0.0026817875914275646,0.002727875951677561
0.0026833205483853817,0.002727047074586153
0.002683991799131036,0.0027312575839459896
0.002684932202100754,0.0027282091323286295
0.0026844176463782787,0.0027327309362590313
0.0026840188074856997,0.0027271597646176815
0.0026823412626981735,0.0027311991434544325
0.0026810625568032265,0.002724404213950038
0.0026792511343955994,0.002728027291595936
0.002678055316209793,0.0027218121103942394
0.0026768320240080357,0.002725000260397792
0.002676220377907157,0.0027204626239836216
0.0026757901068776846,0.002722998848184943
0.0026759260799735785,0.0027205527294427156
0.00267627346329391,0.002722202567383647
0.002677152631804347,0.002721993485465646
0.0026780085172504187,0.0027223669458180666
0.0026791649870574474,0.0027240929193794727
0.0026797859463840723,0.002722707809880376
0.002680447418242693,0.002725572558119893
0.002680305391550064,0.0027224405203014612
0.0026802474167197943,0.0027258056215941906
0.002679595025256276,0.0027217119932174683
0.0026792569551616907,0.0027252130676060915
0.0026786108501255512,0.0027210735715925694
0.0026783880311995745,0.002724478719756007
0.0026780092157423496,0.0027208083774894476
0.002678103046491742,0.002724022837355733
0.0026780699845403433,0.0027211415581405163
0.0026784935034811497,0.0027240063063800335
0.0026786881498992443,0.002722108969464898
0.0026792618446052074,0.002724291989579797
0.0026794057339429855,0.0027233660221099854
0.002679794328287244,0.0027244179509580135
0.002679607132449746,0.0027242559008300304
0.0026796418242156506,0.00272403028793633
0.002679175464436412,0.0027245127130299807
0.002679024590179324,0.002723322482779622
0.0026785272639244795,0.0027243399526923895
0.002678424585610628,0.002722765551880002
0.002678085584193468,0.0027240647468715906
0.002678171033039689,0.002722600009292364
0.0026780429761856794,0.0027239168994128704
0.0026783011853694916,0.0027228177059441805
0.0026782765053212643,0.0027238421607762575
0.0026785563677549362,0.0027231434360146523
0.0026784681249409914,0.0027236873283982277
0.002678683726117015,0.002723331330344081
0.002678527729585767,0.0027234191074967384
0.0026787128299474716,0.0027234426233917475
0.0026785372756421566,0.0027230705600231886
0.0026786907110363245,0.002723533194512129
0.002678473014384508,0.0027226030360907316
0.0026785910595208406,0.0027235858142375946
0.0026783382054418325,0.0027220367919653654
0.0026783905923366547,0.0027235739398747683
0.002678087679669261,0.0027213601861149073
0.0026780932676047087,0.0027234789449721575
0.0026777854654937983,0.002720715943723917
0.002677772892639041,0.002723337383940816
0.0026774643920361996,0.002720156218856573
0.002677439944818616,0.0027231841813772917
0.0026771605480462313,0.0027196849696338177
0.0026771705597639084,0.002723074285313487
0.002676958916708827,0.002719381358474493
0.0026770413387566805,0.002723054261878133
0.002676927950233221,0.002719220472499728
0.002677089534699917,0.0027232104912400246
0.0026770299300551414,0.002719129901379347
0.002677174750715494,0.0027233820874243975
0.0026770452968776226,0.0027190137188881636
0.0026770937256515026,0.0027234102599322796
0.002676886273548007,0.002718790201470256
0.002676859963685274,0.0027232870925217867
0.0026766194496303797,0.002718564122915268
0.0026765752118080854,0.0027231031563133
0.0026763826608657837,0.002718378324061632
0.002676380332559347,0.0027229993138462305
0.0026762422639876604,0.0027182805351912975
0.0026762860361486673,0.002722976729273796
0.0026762092020362616,0.0027182905469089746
0.0026762878987938166,0.002723035169765353
0.0026762315537780523,0.002718352945521474
0.0026762858033180237,0.0027230947744101286
0.002676204079762101,0.002718392526730895
0.0026761959306895733,0.0027230745181441307
0.0026760592591017485,0.0027183406054973602
0.002675992203876376,0.002722950419411063
0.002675828989595175,0.002718227682635188
0.0026757335290312767,0.0027227464597672224
0.0026755593717098236,0.002718077739700675
0.002675448078662157,0.002722496399655938
0.0026752837002277374,0.00271786330267787
0.0026751779951155186,0.0027222277130931616
0.0026750057004392147,0.002717637689784169
0.0026749169919639826,0.0027219338808208704
0.0026748026721179485,0.002717426046729088
0.0026748247910290956,0.00272174971178174
0.0026748268865048885,0.0027173564303666353
0.0026750194374471903,0.0027217697352170944
0.0026751989498734474,0.002717596711590886
0.0026756504084914923,0.0027221052441745996
0.002676080446690321,0.002718360861763358
0.0026769214309751987,0.002722943900153041
0.0026777812745422125,0.002720093121752143
0.0026793070137500763,0.0027247208636254072
0.0026807731483131647,0.002723400015383959
0.0026829594280570745,0.0027276426553726196
0.002684320555999875,0.0027278417255729437
0.002685900777578354,0.0027298510540276766
0.002685553627088666,0.0027306186966598034
0.0026852681767195463,0.002728745574131608
0.0026835757307708263,0.0027303772512823343
0.002682741265743971,0.0027260060887783766
0.00268161459825933,0.0027298505883663893
0.002681528218090534,0.0027246475219726562
0.0026810388080775738,0.002730264328420162
0.0026809358969330788,0.0027239620685577393
0.002679841360077262,0.00272940332069993
0.002678770339116454,0.0027219343464821577
0.002676973817870021,0.0027260654605925083
0.0026755561120808125,0.0027192842680960894
0.0026742559857666492,0.002722101053223014
0.00267374562099576,0.0027183154597878456
0.00267385714687407,0.002719925018027425
0.002674972638487816,0.0027200845070183277
0.002676744945347309,0.0027206961531192064
0.0026794588193297386,0.0027244826778769493
0.002681862097233534,0.0027238070033490658
0.0026842481456696987,0.0027289465069770813
0.0026846283581107855,0.0027259462513029575
0.002684334060177207,0.0027290736325085163
0.002682214369997382,0.002724587917327881
0.002680338453501463,0.002725353231653571
0.0026780900079756975,0.0027219492476433516
0.0026767365634441376,0.0027217844035476446
0.0026757176965475082,0.002720621647313237
0.0026756057050079107,0.0027204835787415504
0.002675781724974513,0.0027210810221731663
0.0026765214279294014,0.002721157856285572
0.0026770750992000103,0.0027224773075431585
0.0026777898892760277,0.0027221525087952614
0.0026779535692185163,0.002723435638472438
0.0026782320346683264,0.0027224670629948378
0.002678042510524392,0.00272349058650434
0.0026782280765473843,0.002722496632486582
0.002678138669580221,0.0027233429718762636
0.0026785286609083414,0.002722932258620858
0.002678581979125738,0.0027232510037720203
0.0026790660340338945,0.002723706653341651
0.002679044846445322,0.002723023295402527
0.0026793673168867826,0.002724182792007923
0.002679083263501525,0.0027224647346884012
0.0026790450792759657,0.0027240023482590914
0.0026783777866512537,0.002721443772315979
0.0026779817417263985,0.0027231117710471153
0.0026771968696266413,0.0027203974314033985
0.002676814328879118,0.0027220346964895725
0.002676268806681037,0.00271981256082654
0.0026761596091091633,0.002721389988437295
0.002675937954336405,0.0027197273448109627
0.002676112577319145,0.0027212630957365036
0.0026761305052787066,0.002719997661188245
0.002676477190107107,0.002721530618146062
0.0026765819638967514,0.0027204055804759264
0.002676993841305375,0.0027219627518206835
0.002677095588296652,0.002720925258472562
0.00267750583589077,0.0027223615907132626
0.0026775237638503313,0.0027214877773076296
0.0026778322644531727,0.002722609555348754
0.002677718410268426,0.002721948316320777
0.0026779340114444494,0.002722639124840498
0.002677744021639228,0.002722295466810465
0.0026779137551784515,0.002722520846873522
0.0026776825543493032,0.002722454024478793
0.002677797805517912,0.0027223462238907814
0.0026775242295116186,0.002722421893849969
0.002677611541002989,0.002722103614360094
0.0026773500721901655,0.002722332486882806
0.002677429234609008,0.0027218922041356564
0.0026771468110382557,0.0027221685741096735
0.0026771610137075186,0.0027216519229114056
0.0026768152602016926,0.0027218705508857965
0.002676759846508503,0.0027212852146476507
0.0026764189824461937,0.002721523167565465
0.0026764103677123785,0.0027210002299398184
0.0026761717163026333,0.002721247496083379
0.0026762725319713354,0.0027209161780774593
0.002676189411431551,0.0027211580891162157
0.0026764904614537954,0.0027211536653339863
0.0026765516959130764,0.0027212807908654213
0.0026769249234348536,0.0027216135058552027
0.0026769733522087336,0.0027214197907596827
0.0026773076970130205,0.002722011646255851
0.0026772390119731426,0.002721453318372369
0.002677439944818616,0.0027221909258514643
0.0026772187557071447,0.0027212300337851048
0.0026772781275212765,0.002722139935940504
0.0026769344694912434,0.0027207976672798395
0.00267690047621727,0.0027218747418373823
0.0026765649672597647,0.002720284042879939
0.002676576841622591,0.0027216854505240917
0.002676310483366251,0.00271981512196362
0.002676395932212472,0.0027216256130486727
0.0026762443594634533,0.002719487762078643
0.00267642829567194,0.0027217448223382235
0.0026763188652694225,0.0027192586567252874
0.002676486037671566,0.002721914555877447
0.002676318632438779,0.0027189915999770164
0.0026764250360429287,0.0027219909243285656
0.0026762434281408787,0.0027186975348740816
0.0026763358619064093,0.0027220684569329023
0.00267614028416574,0.002718379721045494
0.002676248550415039,0.002722176257520914
0.002676124917343259,0.0027181219775229692
0.0026763000059872866,0.0027224135119467974
0.0026762394700199366,0.0027179450262337923
0.0026764399372041225,0.002722742734476924
0.0026763954665511847,0.0027177988085895777
0.002676575444638729,0.0027230451814830303
0.002676473231986165,0.0027176737785339355
0.0026765523944050074,0.002723160432651639
0.0026763533242046833,0.002717469586059451
0.0026763181667774916,0.0027230279520154
0.0026760392356663942,0.0027171887923032045
0.0026759381871670485,0.00272268895059824
0.00267564388923347,0.002716940362006426
0.0026755519211292267,0.0027222526259720325
0.0026752972044050694,0.002716796938329935
0.0026752606499940157,0.0027218186296522617
0.0026750776451081038,0.002716838615015149
0.002675123978406191,0.0027214535512030125
0.0026749903336167336,0.0027170563116669655
0.002675100462511182,0.0027211648412048817
0.0026750080287456512,0.00271743256598711
0.002675169613212347,0.0027209322433918715
0.002675103722140193,0.002717984141781926
0.0026753260754048824,0.002720755757763982
0.002675349358469248,0.002718794858083129
0.002675712341442704,0.0027207706589251757
0.0026759083848446608,0.002720077522099018
0.0026765703223645687,0.0027211846318095922
0.002677125856280327,0.002722217934206128
0.0026782930362969637,0.0027223846409469843
0.0026792739517986774,0.002725503873080015
0.0026809237897396088,0.0027244335506111383
0.002681839046999812,0.00272934976965189
0.002683086320757866,0.0027260934002697468
0.002682768739759922,0.0027313935570418835
0.00268248631618917,0.0027253238949924707
0.0026806374080479145,0.0027297595515847206
0.0026791051495820284,0.002722201170399785
0.0026769551914185286,0.0027258016634732485
0.0026754774153232574,0.0027191154658794403
0.0026740680914372206,0.0027221061754971743
0.0026733556296676397,0.0027175790164619684
0.0026729374658316374,0.002719867741689086
0.0026731749530881643,0.00271781999617815
0.0026737158186733723,0.0027192169800400734
0.0026748364325612783,0.0027196502778679132
0.002675929805263877,0.00271975202485919
0.0026772641576826572,0.002722092205658555
0.0026778653264045715,0.0027202912606298923
0.0026783368084579706,0.0027233585715293884
0.0026778678875416517,0.0027197645977139473
0.0026774751022458076,0.002722976729273796
0.0026766012888401747,0.002718736417591572
0.002676131669431925,0.0027220386546105146
0.002675541676580906,0.0027180796023458242
0.0026754592545330524,0.0027214610017836094
0.0026753267738968134,0.00271812011487782
0.002675695111975074,0.002721453784033656
0.00267594400793314,0.0027189189568161964
0.0026766418013721704,0.0027219310868531466
0.0026770257391035557,0.002720323158428073
0.002677732612937689,0.0027224882505834103
0.0026778453029692173,0.00272175669670105
0.0026781833730638027,0.002722547622397542
0.0026778792962431908,0.0027226097881793976
0.00267783016897738,0.0027219438925385475
0.0026772324927151203,0.0027227425016462803
0.0026769950054585934,0.002721027936786413
0.0026763903442770243,0.002722405130043626
0.00267620082013309,0.002720286836847663
0.0026757679879665375,0.002721915254369378
0.002675761468708515,0.002719985553994775
0.00267554703168571,0.002721481490880251
0.0026757188607007265,0.002720081713050604
0.002675636438652873,0.002721161814406514
0.002675867872312665,0.00272033060900867
0.002675776369869709,0.002720829099416733
0.002675995696336031,0.0027205543592572212
0.0026759218890219927,0.0027204970829188824
0.002676206873729825,0.0027208684477955103
0.0026761635672301054,0.0027202547062188387
0.0026764709036797285,0.0027212563436478376
0.002676395233720541,0.002719990909099579
0.002676622709259391,0.002721573691815138
0.002676414093002677,0.0027195620350539684
0.0026765125803649426,0.0027216561138629913
0.0026761945337057114,0.0027189478278160095
0.0026761542540043592,0.0027215080335736275
0.002675723982974887,0.0027182118501514196
0.0026755898725241423,0.0027211278211325407
0.002675174968317151,0.0027175690047442913
0.002675090916454792,0.0027207511011511087
0.002674786141142249,0.00271717575378716
0.0026748045347630978,0.002720516175031662
0.0026746243238449097,0.002717043971642852
0.0026747428346425295,0.0027204484213143587
0.002674640389159322,0.0027170770335942507
0.002674807794392109,0.0027204968500882387
0.002674731193110347,0.0027171452529728413
0.0026748881209641695,0.002720572054386139
0.002674736548215151,0.002717146882787347
0.0026747779920697212,0.002720479853451252
0.0026745074428617954,0.0027169669046998024
0.0026744359638541937,0.0027202207129448652
0.002674117684364319,0.0027166088111698627
0.0026740420144051313,0.0027199292089790106
0.0026738063897937536,0.0027163177728652954
0.0026738368906080723,0.0027197985909879208
0.002673738170415163,0.0027162027545273304
0.002673886716365814,0.0027199017349630594
0.002673863200470805,0.002716219751164317
0.0026740373577922583,0.0027200966142117977
0.0026740175671875477,0.0027162760961800814
0.0026741616893559694,0.002720276592299342
0.002674082526937127,0.0027162751648575068
0.0026741346810013056,0.0027203357312828302
0.0026739644818007946,0.0027161252219229937
0.002673947252333164,0.002720271237194538
0.0026737540028989315,0.002715890994295478
0.0026737272273749113,0.0027201836928725243
0.002673573326319456,0.0027156725991517305
0.002673590090125799,0.0027201708871871233
0.0026735197752714157,0.002715533832088113
0.0026735991705209017,0.0027202831115573645
0.0026735698338598013,0.0027154821436852217
0.0026736538857221603,0.0027204251382499933
0.0026736201252788305,0.002715461887419224
0.002673658076673746,0.0027205091901123524
0.0026735623832792044,0.002715369686484337
0.0026735260616987944,0.0027204477228224277
0.002673378447070718,0.0027152234688401222
0.0026732992846518755,0.00272027007304132
0.0026731372345238924,0.002715043257921934
0.002673075068742037,0.002720054006204009
0.0026729493401944637,0.0027148949448019266
0.0026729346718639135,0.0027198665775358677
0.002672869246453047,0.0027148413937538862
0.0026729435194283724,0.002719736658036709
0.00267296121455729,0.0027149405796080828
0.002673170529305935,0.002719730604439974
0.002673316514119506,0.0027153133414685726
0.002673747716471553,0.0027199380565434694
0.0026741689071059227,0.0027163024060428143
0.002675127238035202,0.0027207613456994295
0.0026762192137539387,0.0027186917141079903
0.002678251825273037,0.0027231131680309772
0.0026803521905094385,0.0027235005982220173
0.002683411119505763,0.0027273588348180056
0.0026851340662688017,0.0027296110056340694
0.002686762250959873,0.0027298862114548683
0.002685484942048788,0.00273190438747406
0.002684246748685837,0.002727031009271741
0.00268167769536376,0.002729827770963311
0.0026804094668477774,0.0027232468128204346
0.002679051598533988,0.002728172577917576
0.0026786630041897297,0.0027215664740651846
0.002677679993212223,0.002727104350924492
0.0026768865063786507,0.0027199836913496256
0.0026752769481390715,0.0027242684736847878
0.002673890208825469,0.0027174497954547405
0.002672366099432111,0.0027202870696783066
0.002671463182196021,0.002715766429901123
0.0026710224337875843,0.002717262366786599
0.002671429654583335,0.002716456074267626
0.002672470174729824,0.002716644434258342
0.00267442362383008,0.002719589974731207
0.0026766040828078985,0.002718814183026552
0.002679272787645459,0.002724084770306945
0.0026809275150299072,0.002722132718190551
0.00268234102986753,0.002726942300796509
0.0026818972546607256,0.0027237944304943085
0.0026813058648258448,0.0027258892077952623
0.002679367084056139,0.0027229245752096176
0.0026779556646943092,0.0027224670629948378
0.0026762508787214756,0.0027212435379624367
0.0026755230501294136,0.0027198444586247206
0.0026750140823423862,0.002720815362408757
0.0026753342244774103,0.0027194416616111994
0.002675584750249982,0.0027216689195483923
0.00267613073810935,0.0027200961485505104
0.00267606764100492,0.0027221697382628918
0.002676069736480713,0.0027199783362448215
0.0026755263097584248,0.0027214649599045515
0.0026753111742436886,0.002719328971579671
0.002674955641850829,0.002720380900427699
0.0026751768309623003,0.002719481475651264
0.0026753454003483057,0.002719894051551819
0.002676122123375535,0.0027207110542804003
0.0026766390074044466,0.002720140852034092
0.0026775465812534094,0.0027222989592701197
0.0026777188759297132,0.0027203999925404787
0.0026779919862747192,0.002722819335758686
0.002677324926480651,0.002719868440181017
0.002676804084330797,0.0027217271272093058
0.0026756965089589357,0.00271867448464036
0.002675025723874569,0.002720041200518608
0.0026742187328636646,0.0027178332675248384
0.0026739698369055986,0.0027188833337277174
0.0026737169828265905,0.0027178805321455
0.002673966344445944,0.0027186786755919456
0.0026741039473563433,0.0027185212820768356
0.0026746003422886133,0.0027191166300326586
0.0026747866068035364,0.002719302661716938
0.0026752245612442493,0.002719601383432746
0.002675239695236087,0.002719780197367072
0.00267551327124238,0.0027198821771889925
0.0026753598358482122,0.0027199392206966877
0.00267553748562932,0.0027199345640838146
0.002675347262993455,0.002719996264204383
0.0026755421422421932,0.0027199687901884317
0.0026753826532512903,0.0027199992910027504
0.0026756112929433584,0.0027200793847441673
0.0026754450518637896,0.0027199105825275183
0.002675635740160942,0.0027201275806874037
0.0026754087302833796,0.0027196549344807863
0.0026755155995488167,0.0027200314216315746
0.002675210125744343,0.002719267038628459
0.002675228752195835,0.0027197992894798517
0.0026748375967144966,0.0027187739033252
0.002674743765965104,0.002719412324950099
0.002674316754564643,0.0027181936893612146
0.0026742201298475266,0.002718997187912464
0.002673880895599723,0.0027177121955901384
0.00267390301451087,0.0027187794912606478
0.0026737386360764503,0.0027174868155270815
0.0026739430613815784,0.0027188619133085012
0.002673928625881672,0.0027175555005669594
0.0026742303743958473,0.0027191410772502422
0.0026742261834442616,0.002717729192227125
0.0026745274662971497,0.002719421871006489
0.0026744967326521873,0.002717927098274231
0.002674760529771447,0.0027196251321583986
0.0026746694929897785,0.0027181319892406464
0.002674886491149664,0.0027197098825126886
0.0026747258380055428,0.0027183012571185827
0.00267487158998847,0.002719648415222764
0.0026746555231511593,0.0027183820493519306
0.002674766117706895,0.002719505922868848
0.0026745316572487354,0.00271839858032763
0.0026746313087642193,0.002719329437240958
0.0026744049973785877,0.0027184272184967995
0.0026745006907731295,0.00271913455799222
0.0026742839254438877,0.0027185087092220783
0.0026743889320641756,0.0027189527172595263
0.0026741891633719206,0.002718642819672823
0.0026743083726614714,0.0027187971863895655
0.002674123039469123,0.002718837233260274
0.0026742564514279366,0.002718654228374362
0.0026741211768239737,0.0027190952096134424
0.0026743209455162287,0.002718632109463215
0.0026742310728877783,0.0027194779831916094
0.002674468792974949,0.0027186593506485224
0.0026744012720882893,0.0027199634350836277
0.002674665069207549,0.002718748291954398
0.0026746056973934174,0.0027204742655158043
0.0026748802047222853,0.0027188556268811226
0.0026747905649244785,0.002720919204875827
0.002675002673640847,0.002718918025493622
0.0026748108211904764,0.002721137600019574
0.0026749172247946262,0.0027188146486878395
0.002674622694030404,0.0027210961561650038
0.0026746534276753664,0.002718554111197591
0.0026743297930806875,0.0027208488900214434
0.0026743346825242043,0.002718291012570262
0.002674018731340766,0.0027203985955566168
0.0026740299072116613,0.002718089846894145
0.0026737581938505173,0.002719816518947482
0.0026738152373582125,0.002718000439926982
0.0026736289728432894,0.002719191135838628
0.0026738003361970186,0.002718141069635749
0.0026737237349152565,0.0027186088263988495
0.0026739812456071377,0.0027184849604964256
0.002673972398042679,0.002718056319281459
0.0026743102353066206,0.002719030249863863
0.0026743225753307343,0.002717499155551195
0.0026746916119009256,0.0027197194285690784
0.0026747318916022778,0.0027169883251190186
0.0026751235127449036,0.0027205543592572212
0.002675167052075267,0.002716582268476486
0.0026755325961858034,0.0027214502915740013
0.00267552537843585,0.002716267015784979
0.0026756965089589357,0.002722123870626092
0.0026754443533718586,0.002715802052989602
0.0026752459816634655,0.002722086850553751
0.0026747076772153378,0.002715054200962186
0.002674226649105549,0.0027212887071073055
0.0026736126746982336,0.0027142129838466644
0.0026731835678219795,0.0027201883494853973
0.002672783564776182,0.0027137883007526398
0.0026726732030510902,0.0027193729765713215
0.0026726056821644306,0.0027140306774526834
0.0026728224474936724,0.0027191322296857834
0.0026729244273155928,0.0027147531509399414
0.0026731458492577076,0.002719118259847164
0.0026730175595730543,0.0027153610717505217
0.0026729239616543055,0.0027187287341803312
0.002672461559996009,0.0027153324335813522
0.002672082046046853,0.0027178931050002575
0.002671504858881235,0.002714804606512189
0.002671138383448124,0.002717012772336602
0.002670744201168418,0.0027142432518303394
0.0026706375647336245,0.0027165799401700497
0.0026705616619437933,0.0027139252051711082
0.002670775866135955,0.0027167408261448145
0.0026710100937634706,0.002714008092880249
0.002671506255865097,0.002717388793826103
0.0026719053275883198,0.0027144192717969418
0.0026725255884230137,0.00271827750839293
0.0026729137171059847,0.0027149769011884928
0.0026735072024166584,0.0027191138360649347
0.002673840383067727,0.002715710550546646
0.002674537245184183,0.002719995565712452
0.0026750226970762014,0.0027169708628207445
0.002676030620932579,0.0027212947607040405
0.0026766990777105093,0.002718981821089983
0.002677822019904852,0.0027227606624364853
0.002678090939298272,0.0027209888212382793
0.002678540302440524,0.0027230982668697834
0.002677830634638667,0.002721548080444336
0.0026773991994559765,0.002721690572798252
0.002676247851923108,0.0027208663523197174
0.0026757221203297377,0.0027198009192943573
0.002675006864592433,0.0027205352671444416
0.002674990799278021,0.0027188437525182962
0.0026748222298920155,0.0027212894055992365
0.002675144001841545,0.0027187089435756207
0.0026750932447612286,0.002722483593970537
0.0026753447018563747,0.002718617208302021
0.002675018273293972,0.0027230249252170324
0.002674922812730074,0.0027181070763617754
0.0026742778718471527,0.002722344594076276
0.0026739654131233692,0.002717356663197279
0.002673381008207798,0.002720941323786974
0.002673327922821045,0.0027171059045940638
0.002673226175829768,0.002719803946092725
0.0026737418957054615,0.0027178858872503042
0.00267418147996068,0.0027194106951355934
0.002675154712051153,0.0027195122092962265
0.002675721887499094,0.0027194321155548096
0.0026766136288642883,0.002721134340390563
0.0026767223607748747,0.0027191536501049995
0.002677001990377903,0.0027217846363782883
0.0026764231733977795,0.0027182253543287516
0.002676046686246991,0.002721174620091915
0.0026750480756163597,0.002716849325224757
0.0026743756607174873,0.002719869604334235
0.0026734184939414263,0.0027153980918228626
0.0026728652883321047,0.0027186148799955845
0.002672224771231413,0.0027142714243382215
0.0026720345485955477,0.0027178835589438677
0.0026718205772340298,0.0027138434816151857
0.002671958180144429,0.002717699622735381
0.00267195631749928,0.0027140765450894833
0.002672218717634678,0.0027177524752914906
0.002672238275408745,0.0027146076317876577
0.002672495087608695,0.002717816736549139
0.002672491827979684,0.002715190639719367
0.0026727861259132624,0.002717915689572692
0.0026728638913482428,0.002715870039537549
0.0026733106933534145,0.0027182339690625668
0.0026735346764326096,0.0027167978696525097
0.002674150513485074,0.0027188651729375124
0.002674445044249296,0.00271793594583869
0.002675128635019064,0.0027196358423680067
0.0026753132697194815,0.0027190374676138163
0.00267582293599844,0.0027201746124774218
0.002675637835636735,0.002719628857448697
0.0026757102459669113,0.002719998825341463
0.0026750878896564245,0.0027194719295948744
0.0026747873052954674,0.00271904026158154
0.002674046903848648,0.0027189140673726797
0.002673765877261758,0.002717984141781926
0.0026732522528618574,0.0027185119688510895
0.0026732063852250576,0.002717353869229555
0.0026729993987828493,0.0027185017243027687
0.0026731991674751043,0.0027172649279236794
0.002673134207725525,0.002718707313761115
0.002673368901014328,0.002717385534197092
0.002673231065273285,0.0027188013773411512
0.0026733335107564926,0.0027173610869795084
0.002673080423846841,0.0027185732033103704
0.0026731048710644245,0.002717226278036833
0.002672865055501461,0.0027181669138371944
0.0026729905512183905,0.002717231400310993
0.0026728904340416193,0.00271786330267787
0.002673170529305935,0.0027175284922122955
0.002673196140676737,0.0027177517767995596
0.002673582173883915,0.002718031406402588
0.002673632698133588,0.0027177282609045506
0.002674008486792445,0.0027185319922864437
0.0026739526074379683,0.002717604860663414
0.0026741884648799896,0.002718808362260461
0.0026739477179944515,0.002717195078730583
0.0026739980094134808,0.0027187897358089685
0.002673631301149726,0.002716493560001254
0.002673604991286993,0.002718612551689148
0.002673254581168294,0.002715745009481907
0.0026732611004263163,0.00271850498393178
0.002672981470823288,0.0027150833047926426
0.002673025708645582,0.002718528499826789
0.002672819187864661,0.0027145135682076216
0.002672929782420397,0.002718683797866106
0.0026727882213890553,0.0027140998281538486
0.002672906732186675,0.0027189094107598066
0.0026727765798568726,0.0027137857396155596
0.0026728403754532337,0.002719083335250616
0.002672663191333413,0.0027135349810123444
0.002672656672075391,0.0027190768159925938
0.0026724517811089754,0.0027133100666105747
0.0026724052149802446,0.0027189606335014105
0.002672184957191348,0.0027130846865475178
0.0026721106842160225,0.002718707313761115
0.002671899041160941,0.0027129363734275103
0.002671831985935569,0.0027183692436665297
0.0026716249994933605,0.0027128367219120264
0.0026715840213000774,0.0027179974131286144
0.002671413356438279,0.0027128467336297035
0.0026714205741882324,0.0027176407165825367
0.00267127831466496,0.002713007852435112
0.0026713216211646795,0.0027173247653990984
0.002671180060133338,0.0027132027316838503
0.0026712219696491957,0.0027170192915946245
0.0026710585225373507,0.0027134339325129986
0.0026711185928434134,0.00271669146604836
0.0026710047386586666,0.0027137636207044125
0.002671177266165614,0.002716508461162448
0.0026712086983025074,0.002714336384087801
0.0026716035790741444,0.002716632327064872
0.002671923954039812,0.0027154504787176847
0.0026727356016635895,0.002717376220971346
0.0026734720449894667,0.002717432798817754
0.0026748215314000845,0.002719007432460785
0.0026758962776511908,0.0027204847428947687
0.002677502576261759,0.002721188822761178
0.0026781857013702393,0.0027236687019467354
0.002679066499695182,0.0027223743963986635
0.0026784527581185102,0.0027249918784946203
0.0026779945474117994,0.0027211338747292757
0.002676452277228236,0.0027238845359534025
0.0026755130384117365,0.002718701958656311
0.0026742080226540565,0.0027220791671425104
0.002673615235835314,0.0027169554959982634
0.0026728580705821514,0.0027208237443119287
0.002672606846317649,0.0027160728350281715
0.002672107657417655,0.002719871001318097
0.0026719458401203156,0.0027155850548297167
0.002671511610969901,0.002718706615269184
0.0026713726110756397,0.002715258626267314
0.0026710876263678074,0.002717311028391123
0.0026712119579315186,0.002715424867346883
0.0026713102124631405,0.002716182731091976
0.002671903232112527,0.00271644932217896
0.0026724725030362606,0.0027158360462635756
0.0026735232677310705,0.0027183026541024446
0.002674258081242442,0.002716351766139269
0.002675308845937252,0.0027202749624848366
0.0026756434235721827,0.0027170537505298853
0.002676059026271105,0.0027212672866880894
0.002675524214282632,0.0027169897221028805
0.00267509906552732,0.0027204847428947687
0.0026740350294858217,0.0027160802856087685
0.0026733565609902143,0.002718741772696376
0.0026724752970039845,0.0027151417452841997
0.0026721858885139227,0.0027173683047294617
0.0026718825101852417,0.0027150313835591078
0.0026721577160060406,0.0027169696986675262
0.0026723130140453577,0.0027158157899975777
0.002672840841114521,0.002717313589528203
0.0026729574892669916,0.0027167925145477057
0.0026732427068054676,0.0027174942661076784
0.0026729812379926443,0.0027172660920768976
0.0026729186065495014,0.002717086812481284
0.0026724531780928373,0.002717154799029231
0.0026723381597548723,0.002716535236686468
0.0026720277965068817,0.002716953633353114
0.00267218635417521,0.00271642510779202
0.0026721942704170942,0.002717044670134783
0.0026726643554866314,0.0027169506065547466
0.002672889269888401,0.0027174102142453194
0.002673488110303879,0.002717779716476798
0.002673620590940118,0.002717765513807535
0.002673998475074768,0.002718290314078331
0.002673748880624771,0.0027176556177437305
0.0026737272273749113,0.0027180903125554323
0.002673169830814004,0.0027170025277882814
0.002672945847734809,0.0027174323331564665
0.002672407077625394,0.00271619763225317
0.0026722948532551527,0.0027168970555067062
0.002671965630725026,0.002715631388127804
0.0026720452588051558,0.002716734306886792
0.002671911846846342,0.0027153168339282274
0.0026721374597400427,0.002716890536248684
0.0026720683090388775,0.0027151068206876516
0.0026722645852714777,0.002717109862715006
0.0026720718014985323,0.002714750589802861
0.002672112314030528,0.002717111259698868
0.002671799622476101,0.002714232774451375
0.0026717479340732098,0.002716932911425829
0.0026714198756963015,0.002713698660954833
0.0026714110281318426,0.002716797636821866
0.002671218942850828,0.002713327994570136
0.002671373076736927,0.0027169184759259224
0.0026713679544627666,0.002713229041546583
0.0026716773863881826,0.002717331051826477
0.0026717588771134615,0.002713288413360715
0.002672088798135519,0.002717826282605529
0.0026721064932644367,0.002713368972763419
0.0026722934562712908,0.0027180968318134546
0.002672117203474045,0.0027132737450301647
0.002672109752893448,0.0027179974131286144
0.00267178937792778,0.002712998539209366
0.002671674359589815,0.0027176232542842627
0.0026713430415838957,0.0027126960922032595
0.0026712720282375813,0.0027172351256012917
0.002671036869287491,0.0027125340420752764
0.0026711011305451393,0.002716981340199709
0.0026710140518844128,0.0027126565109938383
0.0026711958926171064,0.0027169024106115103
0.002671155845746398,0.0027129489462822676
0.0026713775005191565,0.0027168854139745235
0.0026713358238339424,0.002713371068239212
0.002671531867235899,0.00271680043078959
0.0026714475825428963,0.00271387561224401
0.002671656897291541,0.0027166891377419233
0.0026716035790741444,0.0027145491912961006
0.0026719393208622932,0.0027166788931936026
0.0026721060276031494,0.0027157196309417486
0.0026727693621069193,0.0027171268593519926
0.0026732287369668484,0.0027176388539373875
0.0026742650661617517,0.002718182047829032
0.002674966584891081,0.002720386954024434
0.002676209667697549,0.0027196367736905813
0.002676683710888028,0.0027233525179326534
0.002677555661648512,0.002720535034313798
0.002677246229723096,0.0027251599822193384
0.0026772290002554655,0.0027199515607208014
0.0026760362088680267,0.0027248102705925703
0.002675221534445882,0.00271792383864522
0.0026736240833997726,0.002722598845139146
0.002672504633665085,0.002715470502153039
0.002671031281352043,0.0027195976581424475
0.0026700894813984632,0.002713513793423772
0.0026691704988479614,0.002716907300055027
0.0026688373181968927,0.0027127633802592754
0.0026687548961490393,0.0027152656111866236
0.002669326961040497,0.002713643480092287
0.002670173067599535,0.002714970149099827
0.0026715912390500307,0.0027160525787621737
0.0026727798394858837,0.0027155871503055096
0.0026740655303001404,0.002718591131269932
0.002674365183338523,0.002715745009481907
0.0026744636707007885,0.002719385549426079
0.0026736389845609665,0.002714741975069046
0.00267293443903327,0.002718487521633506
0.0026718657463788986,0.002713434863835573
0.002671200083568692,0.0027171375695616007
0.00267050345428288,0.0027125554624944925
0.0026703064795583487,0.002716235350817442
0.0026702166069298983,0.0027124457992613316
0.0026706731878221035,0.002716238144785166
0.002671159105375409,0.002713441150262952
0.00267211114987731,0.0027170723769813776
0.0026727491058409214,0.002715261885896325
0.0026735817082226276,0.002717982977628708
0.0026736657600849867,0.002716817893087864
0.002673846436664462,0.0027179389726370573
0.0026733397971838713,0.0027173939161002636
0.0026731439866125584,0.0027171336114406586
0.002672552363947034,0.0027174113783985376
0.002672419883310795,0.002716353163123131
0.0026720326859503984,0.002717399038374424
0.0026721633039414883,0.00271610077470541
0.0026720643509179354,0.0027175189461559057
0.0026724492199718952,0.002716441871598363
0.0026724848430603743,0.002717677503824234
0.002672870410606265,0.002716910094022751
0.002672758651897311,0.002717557130381465
0.002672905568033457,0.002717005554586649
0.0026725095231086016,0.0027169573586434126
0.0026723959017544985,0.002716628136113286
0.0026718899607658386,0.002716069808229804
0.0026717823930084705,0.0027161382604390383
0.002671433612704277,0.0027153545524924994
0.002671507652848959,0.002715987153351307
0.002671353053301573,0.0027148446533828974
0.002671551425009966,0.0027161892503499985
0.0026714347768574953,0.0027144073974341154
0.0026716049760580063,0.00271641556173563
0.002671413356438279,0.0027138518635183573
0.0026714580599218607,0.002716504968702793
0.002671143738552928,0.0027131354436278343
0.002671077847480774,0.002716382034122944
0.00267072394490242,0.002712448826059699
0.0026706361677497625,0.0027161978650838137
0.0026703709736466408,0.0027119223959743977
0.00267039705067873,0.0027162055484950542
0.002670303452759981,0.002711719600483775
0.002670472487807274,0.002716456539928913
0.0026705299969762564,0.0027118788566440344
0.002670794725418091,0.002716953167691827
0.002670925110578537,0.0027122413739562035
0.0026711814571172,0.0027175145223736763
0.0026712846010923386,0.0027126693166792393
0.002671406138688326,0.0027179263997823
0.0026713490951806307,0.0027129410300403833
0.0026711877435445786,0.0027178931050002575
0.0026708757504820824,0.002712766407057643
0.00267040659673512,0.0027172367554157972
0.002669862937182188,0.00271211052313447
0.0026692182291299105,0.002716084709390998
0.0026686096098273993,0.0027111649978905916
0.00266806548461318,0.002714881207793951
0.002667697612196207,0.002710344037041068
0.0026675527915358543,0.002714223461225629
0.002667646622285247,0.0027101272717118263
0.002668094588443637,0.002714474219828844
0.0026687472127377987,0.0027107566129416227
0.0026697765570133924,0.0027157003059983253
0.0026707767974585295,0.0027121789753437042
0.002672040369361639,0.0027173971757292747
0.0026728950906544924,0.0027140507008880377
0.0026739956811070442,0.0027188556268811226
0.0026745344512164593,0.0027161925099790096
0.0026754688005894423,0.002719951793551445
0.0026756017468869686,0.002718389267101884
0.002676035976037383,0.002720115939155221
0.002675409894436598,0.002719566226005554
0.0026751474943012,0.0027188414242118597
0.0026741977781057358,0.0027195203583687544
0.002673954702913761,0.002717420691624284
0.0026735072024166584,0.0027197396848350763
0.0026737621519714594,0.0027170514222234488
0.0026736443396657705,0.0027207564562559128
0.002673839684575796,0.0027169578243047
0.002673296257853508,0.0027211587876081467
0.002672862960025668,0.0027158905286341906
0.002671760506927967,0.00271991197951138
0.0026709549129009247,0.0027141005266457796
0.002669915556907654,0.0027176488656550646
0.0026694159023463726,0.0027129917871207
0.0026690729428082705,0.002715762471780181
0.0026694631669670343,0.0027135058771818876
0.0026701604947447777,0.0027153859846293926
0.002671621274203062,0.0027157997246831656
0.002673037815839052,0.0027165343053638935
0.0026748545933514833,0.002718936651945114
0.00267564645037055,0.0027176470030099154
0.002676259260624647,0.002720440039411187
0.002675417112186551,0.0027169352397322655
0.0026745509821921587,0.0027191829867661
0.002672878559678793,0.002714850939810276
0.0026716701686382294,0.0027167433872818947
0.0026703798212110996,0.002712956629693508
0.002669731853529811,0.0027149724774062634
0.002669251523911953,0.0027120308950543404
0.002669399371370673,0.0027145843487232924
0.002669617533683777,0.00271219783462584
0.0026702648028731346,0.0027152125257998705
0.002670638496056199,0.002713090507313609
0.002671151654794812,0.00271581276319921
0.0026711146347224712,0.00271388771943748
0.00267122988589108,0.002715704031288624
0.002670957474038005,0.002714363858103752
0.0026710876263678074,0.0027154344134032726
0.0026710438542068005,0.002714976668357849
0.002671511610969901,0.0027157103177160025
0.0026717418804764748,0.0027159233577549458
0.002672406379133463,0.0027164476923644543
0.002672616159543395,0.002716844202950597
0.0026731574907898903,0.0027170779649168253
0.0026730585377663374,0.002717235591262579
0.002673202194273472,0.002717099618166685
0.002672638278454542,0.0027167792432010174
0.002672303933650255,0.0027163024060428143
0.0026714697014540434,0.002715712646022439
0.002671023365110159,0.002715166425332427
0.0026703625917434692,0.002714756177738309
0.0026701628230512142,0.0027144066989421844
0.002669875044375658,0.0027142942417412996
0.002670037094503641,0.00271430192515254
0.0026700645685195923,0.0027143587358295918
0.0026704648043960333,0.0027147012297064066
0.002670598914846778,0.002714588074013591
0.0026710352394729853,0.0027152900584042072
0.002671071793884039,0.002714709611609578
0.0026713632978498936,0.0027156576979905367
0.0026712410617619753,0.0027146690990775824
0.0026714240666478872,0.0027157936710864305
0.002671227091923356,0.0027145296335220337
0.0026713742408901453,0.0027158446609973907
0.0026711474638432264,0.002714360598474741
0.0026712759863585234,0.0027158046141266823
0.0026710524689406157,0.002714170841500163
0.002671201713383198,0.0027157857548445463
0.002671013353392482,0.002713981783017516
0.0026711730752140284,0.0027157783042639494
0.002670964226126671,0.0027138134464621544
0.0026710571255534887,0.0027156774885952473
0.0026707833167165518,0.0027135603595525026
0.0026708112563937902,0.0027154849376529455
0.0026704848278313875,0.002713223686441779
0.002670454094186425,0.002715200185775757
0.0026701311580836773,0.002712878165766597
0.0026701295282691717,0.002714949194341898
0.002669883891940117,0.0027126178611069918
0.002669977257028222,0.0027148567605763674
0.002669843379408121,0.002712527522817254
0.0026700508315116167,0.002714941743761301
0.0026700287126004696,0.002712616929784417
0.0026703285984694958,0.002715208800509572
0.0026703299954533577,0.002712791785597801
0.002670606831088662,0.0027154795825481415
0.002670516259968281,0.002712912391871214
0.0026707137003540993,0.00271558272652328
0.0026705788914114237,0.0027129899244755507
0.0026707632932811975,0.00271562859416008
0.0026706072967499495,0.0027130532544106245
0.0026707660872489214,0.002715624403208494
0.0026705770287662745,0.0027130800299346447
0.0026707302313297987,0.002715564100071788
0.002670560497790575,0.0027131091337651014
0.002670735353603959,0.002715534996241331
0.0026705681812018156,0.002713177353143692
0.0026707120705395937,0.002715448150411248
0.0026704848278313875,0.0027132511604577303
0.002670565852895379,0.0027152227703481913
0.0026703106705099344,0.0027133130934089422
0.002670394955202937,0.002714960603043437
0.002670176327228546,0.002713501453399658
0.002670307643711567,0.002714729867875576
0.0026701572351157665,0.002713916590437293
0.0026703779585659504,0.0027146083302795887
0.0026703649200499058,0.002714729169383645
0.002670790534466505,0.0027147172950208187
0.002670996356755495,0.0027162032201886177
0.0026717050932347775,0.00271524116396904
0.0026721693575382233,0.0027185215149074793
0.0026732231490314007,0.002716272370889783
0.002673906972631812,0.002721691969782114
0.0026751812547445297,0.0027177147567272186
0.0026755768340080976,0.0027247266843914986
0.0026761668268591166,0.0027183040510863066
0.0026751416735351086,0.0027249932754784822
0.002673998475074768,0.00271613453514874
0.0026715556159615517,0.002721056342124939
0.0026694475673139095,0.0027121915481984615
0.002667194465175271,0.0027155857533216476
0.002665660809725523,0.0027093272656202316
0.0026645492762327194,0.002711620880290866
0.002664074767380953,0.002708611311390996
0.0026640587020665407,0.002709770342335105
0.0026646265760064125,0.0027097659185528755
0.0026656955014914274,0.0027098585851490498
0.0026675621047616005,0.0027128057554364204
0.0026699251029640436,0.0027121116872876883
0.0026730322279036045,0.002717764349654317
0.0026754806749522686,0.0027157787699252367
0.002677484881132841,0.002721635391935706
0.0026771193370223045,0.002717240946367383
0.002675891388207674,0.0027202116325497627
0.00267317658290267,0.002714781789109111
0.002670875983312726,0.002715789945796132
0.002668672474101186,0.0027116548735648394
0.0026673770043998957,0.0027126285713166
0.002666593762114644,0.002710035303607583
0.002666614018380642,0.002711914712563157
0.0026670622173696756,0.0027101277373731136
0.0026681250892579556,0.0027132038958370686
0.0026691739913076162,0.0027115624397993088
0.00267036072909832,0.0027150153182446957
0.0026708233635872602,0.002712917048484087
0.0026710890233516693,0.0027155999559909105
0.002670565852895379,0.002712876768782735
0.0026701497845351696,0.0027148406952619553
0.002669423120096326,0.0027120804879814386
0.002669084584340453,0.002714033704251051
0.002668676432222128,0.0027113871183246374
0.0026687204372137785,0.0027139224112033844
0.002668780041858554,0.002711083274334669
0.002669311361387372,0.0027146111242473125
0.002669788431376219,0.0027113796677440405
0.002670621033757925,0.0027157950680702925
0.002671015914529562,0.0027120073791593313
0.0026714864652603865,0.002716504968702793
0.0026712880935519934,0.0027123962063342333
0.002671233844012022,0.0027161668986082077
0.0026707439683377743,0.002712627872824669
0.002670695772394538,0.002715513575822115
0.002670465735718608,0.0027131910901516676
0.0026707821525633335,0.0027153422124683857
0.002670892048627138,0.002714254893362522
0.0026715239509940147,0.002715729409828782
0.002671782858669758,0.0027155885472893715
0.0026724524796009064,0.0027163426857441664
0.0026725030038505793,0.002716720337048173
0.002672856207937002,0.00271653407253325
0.002672479022294283,0.0027172311674803495
0.0026723688933998346,0.002715951995924115
0.002671642927452922,0.002717032330110669
0.0026713013648986816,0.0027148728258907795
0.002670601010322571,0.0027165592182427645
0.002670387038961053,0.0027139252051711082
0.0026699677109718323,0.00271629448980093
0.002670025685802102,0.00271350028924644
0.0026698762085288763,0.0027163042686879635
