train_rl2,test_rl2
0.8762129783630371,0.0009414885775186121
0.8219598650932312,0.0009414885775186121
0.7728592038154602,0.0009414885775186121
0.7327260971069336,0.0009414885775186121
0.7140624284744262,0.0009414885775186121
0.6833385348320007,0.0009414885775186121
0.645792829990387,0.0009414885775186121
0.5764075756072998,0.0009414885775186121
0.4628596127033234,0.0009414885775186121
0.2926245391368866,0.0009414885775186121
0.18044924587011338,0.0009414885775186121
0.17711683511734008,0.0009414885775186121
0.10827544927597046,0.0009414885775186121
0.08638341128826141,0.0009414885775186121
0.05796221941709519,0.0009414885775186121
0.04885170366615057,0.0009414885775186121
0.05122181475162506,0.0009414885775186121
0.04479064419865608,0.0009414885775186121
0.029977472871541976,0.0009414885775186121
0.025008203089237215,0.0009414885775186121
0.0188116742298007,0.0009414885775186121
0.021202396228909494,0.0009414885775186121
0.029672759398818017,0.0009414885775186121
0.019023733213543892,0.0009414885775186121
0.0187906576320529,0.0009414885775186121
0.02292797528207302,0.0009414885775186121
0.024192596971988677,0.0009414885775186121
0.027578669786453246,0.0009414885775186121
0.025801986642181873,0.0009414885775186121
0.0397406492382288,0.0009414885775186121
0.02928578443825245,0.0009414885775186121
0.02737942263484001,0.0009414885775186121
0.026180965080857276,0.0009414885775186121
0.05279960967600346,0.0009414885775186121
0.03420114740729332,0.0009414885775186121
0.028248798102140427,0.0009414885775186121
0.03315528146922588,0.0009414885775186121
0.033693288639187816,0.0009414885775186121
0.033342987857759,0.0009414885775186121
0.03561888951808214,0.0009414885775186121
0.02357076294720173,0.0009414885775186121
0.02173918653279543,0.0009414885775186121
0.028041355311870575,0.0009414885775186121
0.03224257528781891,0.0009414885775186121
0.03710065968334675,0.0009414885775186121
0.036751819774508476,0.0009414885775186121
0.026319772005081177,0.0009414885775186121
0.02442665919661522,0.0009414885775186121
0.024589427188038825,0.0009414885775186121
0.03361004553735256,0.0009414885775186121
0.022850100696086884,0.0009414885775186121
0.022742502205073834,0.0009414885775186121
0.020118083618581296,0.0009414885775186121
0.010745067894458771,0.0009414885775186121
0.0076684591360390185,0.0009414885775186121
0.008958113193511964,0.0009414885775186121
0.012361814733594656,0.0009414885775186121
0.016256583854556084,0.0009414885775186121
0.007252089492976665,0.0009414885775186121
0.00856191385537386,0.0009414885775186121
0.009250015020370483,0.0009414885775186121
0.020719319768249988,0.0009414885775186121
0.014846824482083321,0.0009414885775186121
0.012307608220726251,0.0009414885775186121
0.016041981987655163,0.0009414885775186121
0.0108452164568007,0.0009414885775186121
0.012697201129049063,0.0009414885775186121
0.014948229119181634,0.0009414885775186121
0.01033967062830925,0.0009414885775186121
0.01796570364385843,0.0009414885775186121
0.014342329651117324,0.0009414885775186121
0.01777074746787548,0.0009414885775186121
0.027422941848635675,0.0009414885775186121
0.022144640609622002,0.0009414885775186121
0.03188030496239662,0.0009414885775186121
0.03077645655721426,0.0009414885775186121
0.041230342164635655,0.0009414885775186121
0.04365314431488514,0.0009414885775186121
0.04333238229155541,0.0009414885775186121
0.024908877536654474,0.0009414885775186121
0.017921410873532294,0.0009414885775186121
0.010800696536898613,0.0009414885775186121
0.008684295788407325,0.0009414885775186121
0.011713215336203574,0.0009414885775186121
0.006126421736553311,0.0009414885775186121
0.0075873457826673985,0.0009414885775186121
0.013079168274998665,0.0009414885775186121
0.00994163304567337,0.0009414885775186121
0.0068708327133208515,0.0009414885775186121
0.010165613796561956,0.0009414885775186121
0.015026321075856686,0.0009414885775186121
0.014394248183816672,0.0009414885775186121
0.018244300875812768,0.0009414885775186121
0.027373677864670754,0.0009414885775186121
0.02030377183109522,0.0009414885775186121
0.021678315475583076,0.0009414885775186121
0.021329636126756667,0.0009414885775186121
0.022379744425415994,0.0009414885775186121
0.017772497050464152,0.0009414885775186121
0.015277632512152195,0.0009414885775186121
0.012033309601247311,0.0009414885775186121
0.00932637145742774,0.0009414885775186121
0.006768494006246328,0.0009414885775186121
0.012160978000611066,0.0009414885775186121
0.010564995184540748,0.0009414885775186121
0.004943226603791118,0.0009414885775186121
0.005331308580935001,0.0009414885775186121
0.010427854722365737,0.0009414885775186121
0.0100029231980443,0.0009414885775186121
0.011738487519323826,0.0009414885775186121
0.006420278362929821,0.0009414885775186121
0.0138507014606148,0.0009414885775186121
0.013992230035364627,0.0009414885775186121
0.01536471052095294,0.0009414885775186121
0.02508102832362056,0.0009414885775186121
0.026699182018637656,0.0009414885775186121
0.027025977708399297,0.0009414885775186121
0.020284791104495527,0.0009414885775186121
0.020954606495797633,0.0009414885775186121
0.026772510539740325,0.0009414885775186121
0.018391356617212296,0.0009414885775186121
0.014555004239082337,0.0009414885775186121
0.017750148102641104,0.0009414885775186121
0.015922235883772375,0.0009414885775186121
0.0173367016017437,0.0009414885775186121
0.015548868663609028,0.0009414885775186121
0.018592854589223863,0.0009414885775186121
0.01888288641348481,0.0009414885775186121
0.018385119177401064,0.0009414885775186121
0.016607138514518737,0.0009414885775186121
0.012148727662861347,0.0009414885775186121
0.009597619716078042,0.0009414885775186121
0.010696368850767612,0.0009414885775186121
0.009315284807235003,0.0009414885775186121
0.008459103107452393,0.0009414885775186121
0.010315964929759502,0.0009414885775186121
0.008367724623531103,0.0009414885775186121
0.011696996726095676,0.0009414885775186121
0.01092576771043241,0.0009414885775186121
0.01838698172941804,0.0009414885775186121
0.01677415780723095,0.0009414885775186121
0.014686997700482606,0.0009414885775186121
0.022217465192079545,0.0009414885775186121
0.017644849326461553,0.0009414885775186121
0.015320145711302757,0.0009414885775186121
0.016713085398077965,0.0009414885775186121
0.016977478191256522,0.0009414885775186121
0.019222691282629968,0.0009414885775186121
0.011516162054613232,0.0009414885775186121
0.008872591704130173,0.0009414885775186121
0.01152218938805163,0.0009414885775186121
0.01680077500641346,0.0009414885775186121
0.01937616467475891,0.0009414885775186121
0.012151238927617668,0.0009414885775186121
0.010375908203423023,0.0009414885775186121
0.006817008741199971,0.0009414885775186121
0.008685109950602055,0.0009414885775186121
0.01128407008945942,0.0009414885775186121
0.011342814704403282,0.0009414885775186121
0.009525670763105154,0.0009414885775186121
0.006362916715443134,0.0009414885775186121
0.008175078965723514,0.0009414885775186121
0.008284857217222451,0.0009414885775186121
0.006495924480259418,0.0009414885775186121
0.00689420523121953,0.0009414885775186121
0.007784802466630936,0.0009414885775186121
0.006587525270879269,0.0009414885775186121
0.007496863137930632,0.0009414885775186121
0.010023288801312447,0.0009414885775186121
0.006066875252872706,0.0009414885775186121
0.010407892288640141,0.0009414885775186121
0.007149379234761,0.0009414885775186121
0.01130912434309721,0.0009414885775186121
0.011679521016776561,0.0009414885775186121
0.014190221577882767,0.0009414885775186121
0.015269427746534347,0.0009414885775186121
0.019348266068845987,0.0009414885775186121
0.0221841961145401,0.0009414885775186121
0.014596343412995339,0.0009414885775186121
0.01349920704960823,0.0009414885775186121
0.01419340744614601,0.0009414885775186121
0.017254066094756125,0.0009414885775186121
0.023691238835453987,0.0009414885775186121
0.01778659615665674,0.0009414885775186121
0.01541246809065342,0.0009414885775186121
0.018032377306371927,0.0009414885775186121
0.013285047188401223,0.0009414885775186121
0.01081052077934146,0.0009414885775186121
0.017877845093607903,0.0009414885775186121
0.01473343875259161,0.0009414885775186121
0.01490558460354805,0.0009414885775186121
0.020675043389201165,0.0009414885775186121
0.01370983263477683,0.0009414885775186121
0.012226106598973274,0.0009414885775186121
0.009349193330854178,0.0009414885775186121
0.008728514425456524,0.0009414885775186121
0.0070927896536886696,0.0009414885775186121
0.010851774830371141,0.0009414885775186121
0.009033013135194778,0.0009414885775186121
0.01004783483222127,0.0009414885775186121
0.011581580992788077,0.0009414885775186121
0.010501661524176597,0.0009414885775186121
0.010644186194986105,0.0009414885775186121
0.01559594478458166,0.0009414885775186121
0.015666043013334276,0.0009414885775186121
0.014001373574137688,0.0009414885775186121
0.014251259621232748,0.0009414885775186121
0.01816356275230646,0.0009414885775186121
0.016693390253931285,0.0009414885775186121
0.012257459945976735,0.0009414885775186121
0.010368733201175928,0.0009414885775186121
0.015184739977121353,0.0009414885775186121
0.010912575386464595,0.0009414885775186121
0.015117568150162696,0.0009414885775186121
0.011411480139940977,0.0009414885775186121
0.006033095298334956,0.0009414885775186121
0.007269210368394852,0.0009414885775186121
0.007978199888020754,0.0009414885775186121
0.014622595347464084,0.0009414885775186121
0.013519549369812011,0.0009414885775186121
0.014297367632389068,0.0009414885775186121
0.00824251640588045,0.0009414885775186121
0.007821396505460144,0.0009414885775186121
0.008168148342519999,0.0009414885775186121
0.005961053585633635,0.0009414885775186121
0.006290494743734598,0.0009414885775186121
0.00801243856549263,0.0009414885775186121
0.009372501634061337,0.0009414885775186121
0.01056266650557518,0.0009414885775186121
0.010940346028655767,0.0009414885775186121
0.006142106372863054,0.0009414885775186121
0.007094103563576937,0.0009414885775186121
0.007634188095107674,0.0009414885775186121
0.006122821755707264,0.0009414885775186121
0.006097580259665847,0.0009414885775186121
0.0070527330040931705,0.0009414885775186121
0.005344893224537373,0.0009414885775186121
0.006918658874928952,0.0009414885775186121
0.006760764680802822,0.0009414885775186121
0.008170008659362793,0.0009414885775186121
0.00771200442686677,0.0009414885775186121
0.00715650487691164,0.0009414885775186121
0.004696671012789011,0.0009414885775186121
0.004069085372611881,0.0009414885775186121
0.008291949611157179,0.0009414885775186121
0.006442623026669025,0.0009414885775186121
0.006303970701992512,0.0009414885775186121
0.003665755968540907,0.0009414885775186121
0.004862915631383658,0.0009414885775186121
0.0105087467469275,0.0009414885775186121
0.009979253821074962,0.0009414885775186121
0.006782513018697501,0.0009414885775186121
0.006224375218153,0.0009414885775186121
0.0056441381573677065,0.0009414885775186121
0.009211908280849456,0.0009414885775186121
0.012668608408421277,0.0009414885775186121
0.007504075765609741,0.0009414885775186121
0.0054877180140465495,0.0009414885775186121
0.013072646223008633,0.0009414885775186121
0.011367732845246791,0.0009414885775186121
0.012648166809231042,0.0009414885775186121
0.021988365799188614,0.0009414885775186121
0.009805842628702521,0.0009414885775186121
0.01521172234788537,0.0009414885775186121
0.009864281117916106,0.0009414885775186121
0.006147625343874097,0.0009414885775186121
0.007364328019320965,0.0009414885775186121
0.007306788396090269,0.0009414885775186121
0.008392576314508914,0.0009414885775186121
0.007640674663707614,0.0009414885775186121
0.009786522015929222,0.0009414885775186121
0.01473808204755187,0.0009414885775186121
0.013756715692579746,0.0009414885775186121
0.011970737762749196,0.0009414885775186121
0.012944916822016239,0.0009414885775186121
0.010081988293677568,0.0009414885775186121
0.014556405041366816,0.0009414885775186121
0.011517642717808484,0.0009414885775186121
0.010268806479871273,0.0009414885775186121
0.012701949290931224,0.0009414885775186121
0.00881956359371543,0.0009414885775186121
0.007055884832516313,0.0009414885775186121
0.01186175555922091,0.0009414885775186121
0.01172900926321745,0.0009414885775186121
0.00955495834350586,0.0009414885775186121
0.008321335026994347,0.0009414885775186121
0.004701074818149209,0.0009414885775186121
0.003976229298859835,0.0009414885775186121
0.006193196680396795,0.0009414885775186121
0.005256996210664511,0.0009414885775186121
0.006401706440374255,0.0009414885775186121
0.008219951391220092,0.0009414885775186121
0.00607488676905632,0.0009414885775186121
0.004198510479182005,0.0009414885775186121
0.005844692653045058,0.0009414885775186121
0.008233797177672387,0.0009414885775186121
0.007580471038818359,0.0009414885775186121
0.005641264375299215,0.0009414885775186121
0.006326881609857083,0.0009414885775186121
0.009846206475049257,0.0009414885775186121
0.01025508251041174,0.0009414885775186121
0.0176951483823359,0.0009414885775186121
0.008770417654886842,0.0009414885775186121
0.0074874903075397015,0.0009414885775186121
0.006165276188403368,0.0009414885775186121
0.006139701744541526,0.0009414885775186121
0.006788325216621161,0.0009414885775186121
0.006638964358717203,0.0009414885775186121
0.006819870555773377,0.0009414885775186121
0.006994454935193062,0.0009414885775186121
0.006120118172839284,0.0009414885775186121
0.00651977276429534,0.0009414885775186121
0.005895090568810701,0.0009414885775186121
0.005642504617571831,0.0009414885775186121
0.005156219936907291,0.0009414885775186121
0.0038428074680268765,0.0009414885775186121
0.005216867616400123,0.0009414885775186121
0.006835706159472465,0.0009414885775186121
0.0031127648893743754,0.0009414885775186121
0.0034806324634701013,0.0009414885775186121
0.004505415633320809,0.0009414885775186121
0.00464612445794046,0.0009414885775186121
0.00580940842628479,0.0009414885775186121
0.004870164953172207,0.0009414885775186121
0.006900228373706341,0.0009414885775186121
0.005696239927783608,0.0009414885775186121
0.004987335111945867,0.0009414885775186121
0.005055708903819322,0.0009414885775186121
0.007369508780539036,0.0009414885775186121
0.006744578992947936,0.0009414885775186121
0.01239277608692646,0.0009414885775186121
0.01022021034732461,0.0009414885775186121
0.008524963166564703,0.0009414885775186121
0.006342044938355685,0.0009414885775186121
0.002987638069316745,0.0009414885775186121
0.0029068057890981438,0.0009414885775186121
0.005189248640090227,0.0009414885775186121
0.00728533947840333,0.0009414885775186121
0.006553738843649626,0.0009414885775186121
0.00621566604822874,0.0009414885775186121
0.008674711268395186,0.0009414885775186121
0.009354128316044808,0.0009414885775186121
0.0062847659457474945,0.0009414885775186121
0.00500235459767282,0.0009414885775186121
0.008199384342879057,0.0009414885775186121
0.0079678475856781,0.0009414885775186121
0.01264087213203311,0.0009414885775186121
0.009580806456506252,0.0009414885775186121
0.00973734948784113,0.0009414885775186121
0.01993040004745126,0.0009414885775186121
0.018591825291514395,0.0009414885775186121
0.0073177899233996865,0.0009414885775186121
0.006066251173615455,0.0009414885775186121
0.009138414822518825,0.0009414885775186121
0.016123689617961644,0.0009414885775186121
0.016626755055040122,0.0009414885775186121
0.019789675250649452,0.0009414885775186121
0.01669582575559616,0.0009414885775186121
0.009788741730153561,0.0009414885775186121
0.01303103668615222,0.0009414885775186121
0.010668754111975431,0.0009414885775186121
0.011615610867738723,0.0009414885775186121
0.008853213023394346,0.0009414885775186121
0.010777833685278893,0.0009414885775186121
0.009007805958390236,0.0009414885775186121
0.010783805139362812,0.0009414885775186121
0.012050803378224373,0.0009414885775186121
0.00796252191066742,0.0009414885775186121
0.007546380162239075,0.0009414885775186121
0.008093422232195734,0.0009414885775186121
0.00592124667018652,0.0009414885775186121
0.005197278223931789,0.0009414885775186121
0.005528519465588033,0.0009414885775186121
0.006055198609828949,0.0009414885775186121
0.007029584841802716,0.0009414885775186121
0.006347112823277712,0.0009414885775186121
0.008088567340746523,0.0009414885775186121
0.009104822296649218,0.0009414885775186121
0.005618366319686175,0.0009414885775186121
0.006786287575960159,0.0009414885775186121
0.006778051611036062,0.0009414885775186121
0.009313279576599599,0.0009414885775186121
0.011475598253309727,0.0009414885775186121
0.00905213002115488,0.0009414885775186121
0.006087314430624246,0.0009414885775186121
0.00577568649314344,0.0009414885775186121
0.00950238322839141,0.0009414885775186121
0.005645341333001852,0.0009414885775186121
0.007782763335853815,0.0009414885775186121
0.0063354054931551215,0.0009414885775186121
0.004726726887747645,0.0009414885775186121
0.00715224863961339,0.0009414885775186121
0.006236266763880849,0.0009414885775186121
0.006380961276590824,0.0009414885775186121
0.004901233362033963,0.0009414885775186121
0.006553385965526104,0.0009414885775186121
0.006867921724915504,0.0009414885775186121
0.011453056009486318,0.0009414885775186121
0.010159632749855518,0.0009414885775186121
0.010349883139133454,0.0009414885775186121
0.011413561273366212,0.0009414885775186121
0.010756862722337246,0.0009414885775186121
0.009545925538986921,0.0009414885775186121
0.01004641903564334,0.0009414885775186121
0.00978168728761375,0.0009414885775186121
0.014521743077784777,0.0009414885775186121
0.008741643559187651,0.0009414885775186121
0.006145843863487243,0.0009414885775186121
0.005793069279752672,0.0009414885775186121
0.007495788531377912,0.0009414885775186121
0.006730927713215351,0.0009414885775186121
0.004651282262057066,0.0009414885775186121
0.004932296695187688,0.0009414885775186121
0.005935141770169139,0.0009414885775186121
0.003806516155600548,0.0009414885775186121
0.006242618011310696,0.0009414885775186121
0.008563678618520499,0.0009414885775186121
0.0072058944031596186,0.0009414885775186121
0.00965204918757081,0.0009414885775186121
0.006008438486605883,0.0009414885775186121
0.00588842285797,0.0009414885775186121
0.005049468134529889,0.0009414885775186121
0.005493528163060546,0.0009414885775186121
0.006225716136395931,0.0009414885775186121
0.004378997255116701,0.0009414885775186121
0.00506612635217607,0.0009414885775186121
0.007723506097681821,0.0009414885775186121
0.005610089935362339,0.0009414885775186121
0.009401882626116275,0.0009414885775186121
0.010200962703675032,0.0009414885775186121
0.007822335511446,0.0009414885775186121
0.006862343475222588,0.0009414885775186121
0.005381168844178319,0.0009414885775186121
0.0049855710007250306,0.0009414885775186121
0.0064670596271753315,0.0009414885775186121
0.003100406075827777,0.0009414885775186121
0.004744071699678898,0.0009414885775186121
0.005217237630859017,0.0009414885775186121
0.00835189400240779,0.0009414885775186121
0.011268887482583523,0.0009414885775186121
0.00824245549738407,0.0009414885775186121
0.008451484702527523,0.0009414885775186121
0.010463533410802483,0.0009414885775186121
0.006296411529183388,0.0009414885775186121
0.005414855713024735,0.0009414885775186121
0.004762728465721011,0.0009414885775186121
0.004405511170625686,0.0009414885775186121
0.006046821037307382,0.0009414885775186121
0.007232594327069819,0.0009414885775186121
0.009546970296651126,0.0009414885775186121
0.00863372441381216,0.0009414885775186121
0.006699351593852043,0.0009414885775186121
0.004331427346915007,0.0009414885775186121
0.005676224641501903,0.0009414885775186121
0.005289607541635632,0.0009414885775186121
0.006348567781969905,0.0009414885775186121
0.008177911955863237,0.0009414885775186121
0.005561356898397207,0.0009414885775186121
0.0065153039060533045,0.0009414885775186121
0.005903119826689363,0.0009414885775186121
0.010294267535209655,0.0009414885775186121
0.009206608962267637,0.0009414885775186121
0.006596326013095677,0.0009414885775186121
0.004471599659882486,0.0009414885775186121
0.0055950160138309,0.0009414885775186121
0.005855251755565405,0.0009414885775186121
0.010332112666219473,0.0009414885775186121
0.00852643046528101,0.0009414885775186121
0.007919766381382943,0.0009414885775186121
0.004939831141382456,0.0009414885775186121
0.00445219250395894,0.0009414885775186121
0.003272914094850421,0.0009414885775186121
0.004440037114545703,0.0009414885775186121
0.0037600452080368994,0.0009414885775186121
0.005755406012758613,0.0009414885775186121
0.0046459872275590895,0.0009414885775186121
0.004749346990138292,0.0009414885775186121
0.004912358615547419,0.0009414885775186121
0.004318416304886341,0.0009414885775186121
0.005789190856739878,0.0009414885775186121
0.004272307408973575,0.0009414885775186121
0.003500173590146005,0.0009414885775186121
0.010674237832427024,0.0009414885775186121
0.00832227971404791,0.0009414885775186121
0.0062949685379862785,0.0009414885775186121
0.004481290467083454,0.0009414885775186121
0.0028131217230111362,0.0009414885775186121
0.003138281079009175,0.0009414885775186121
0.004766991548240185,0.0009414885775186121
0.005803248845040798,0.0009414885775186121
0.0073448923416435715,0.0009414885775186121
0.004473280673846602,0.0009414885775186121
0.011588877206668258,0.0009414885775186121
0.0077184293884783985,0.0009414885775186121
0.007326752785593272,0.0009414885775186121
0.007334624882787466,0.0009414885775186121
0.008082617167383432,0.0009414885775186121
0.006336897378787398,0.0009414885775186121
0.00725255711004138,0.0009414885775186121
0.0051811798475682735,0.0009414885775186121
0.004785048495978117,0.0009414885775186121
0.004781918553635478,0.0009414885775186121
0.004274270543828606,0.0009414885775186121
0.004386677499860525,0.0009414885775186121
0.005412469618022442,0.0009414885775186121
0.0045971982181072235,0.0009414885775186121
0.005187859991565347,0.0009414885775186121
0.010103639075532555,0.0009414885775186121
0.007645255606621504,0.0009414885775186121
0.005896828882396221,0.0009414885775186121
0.005247598933055997,0.0009414885775186121
0.0036978784017264845,0.0009414885775186121
0.007880465313792228,0.0009414885775186121
0.00857221418991685,0.0009414885775186121
0.00995093621313572,0.0009414885775186121
0.00963847474195063,0.0009414885775186121
0.007868444733321666,0.0009414885775186121
0.008280650852248073,0.0009414885775186121
0.008315955940634012,0.0009414885775186121
0.005677508562803269,0.0009414885775186121
0.00396893669385463,0.0009414885775186121
0.0075433807447552684,0.0009414885775186121
0.012253928696736693,0.0009414885775186121
0.009351269342005253,0.0009414885775186121
0.008792980294674634,0.0009414885775186121
0.007520144060254097,0.0009414885775186121
0.006130079180002213,0.0009414885775186121
0.006356261763721704,0.0009414885775186121
0.007054848806001246,0.0009414885775186121
0.006757374433800578,0.0009414885775186121
0.008153607929125428,0.0009414885775186121
0.007180082332342863,0.0009414885775186121
0.004709392297081649,0.0009414885775186121
0.00517535749822855,0.0009414885775186121
0.0047868050169199705,0.0009414885775186121
0.007453551888465882,0.0009414885775186121
0.006360958144068718,0.0009414885775186121
0.007234443537890911,0.0009414885775186121
0.0046522020362317566,0.0009414885775186121
0.004764744825661182,0.0009414885775186121
0.005487443134188652,0.0009414885775186121
0.003982814447954297,0.0009414885775186121
0.004703379003331065,0.0009414885775186121
0.008262887550517916,0.0009414885775186121
0.009224804816767573,0.0009414885775186121
0.00845047114416957,0.0009414885775186121
0.007221054192632437,0.0009414885775186121
0.007702378183603286,0.0009414885775186121
0.005573332868516445,0.0009414885775186121
0.0058510677423328165,0.0009414885775186121
0.003883669013157487,0.0009414885775186121
0.002890234347432852,0.0009414885775186121
0.005343835940584541,0.0009414885775186121
0.004276781342923641,0.0009414885775186121
0.004968546191230416,0.0009414885775186121
0.004926501167938113,0.0009414885775186121
0.00406996002420783,0.0009414885775186121
0.005136895040050149,0.0009414885775186121
0.008175228396430612,0.0009414885775186121
0.012795689422637225,0.0009414885775186121
0.01768885040655732,0.0009414885775186121
0.013513775914907456,0.0009414885775186121
0.008887385856360197,0.0009414885775186121
0.008587252954021097,0.0009414885775186121
0.009322060365229845,0.0009414885775186121
0.007138088531792164,0.0009414885775186121
0.006204484216868878,0.0009414885775186121
0.005293168686330318,0.0009414885775186121
0.0046611605677753685,0.0009414885775186121
0.005198942497372627,0.0009414885775186121
0.003785564564168453,0.0009414885775186121
0.003933527693152428,0.0009414885775186121
0.003367899265140295,0.0009414885775186121
0.004608635744079948,0.0009414885775186121
0.0027685392182320357,0.0009414885775186121
0.005681126145645976,0.0009414885775186121
0.008578476030379534,0.0009414885775186121
0.007732436992228031,0.0009414885775186121
0.0073471734765917064,0.0009414885775186121
0.010641676373779774,0.0009414885775186121
0.0061546825803816315,0.0009414885775186121
0.004280346957966685,0.0009414885775186121
0.005056674126535654,0.0009414885775186121
0.004783344268798828,0.0009414885775186121
0.004057618719525635,0.0009414885775186121
0.006299904780462384,0.0009414885775186121
0.009882341884076596,0.0009414885775186121
0.006734462641179562,0.0009414885775186121
0.005883090058341622,0.0009414885775186121
0.008120711892843246,0.0009414885775186121
0.010039196629077197,0.0009414885775186121
0.009362833108752966,0.0009414885775186121
0.011622580885887145,0.0009414885775186121
0.009850869607180356,0.0009414885775186121
0.009901877818629145,0.0009414885775186121
0.014002122450619936,0.0009414885775186121
0.012623175047338009,0.0009414885775186121
0.010729487426578999,0.0009414885775186121
0.007008735463023186,0.0009414885775186121
0.009892125055193901,0.0009414885775186121
0.008032126585021615,0.0009414885775186121
0.005801940755918622,0.0009414885775186121
0.004655535751953721,0.0009414885775186121
0.0027848409954458475,0.0009414885775186121
0.004857001220807433,0.0009414885775186121
0.0062150951940566305,0.0009414885775186121
0.006126812100410462,0.0009414885775186121
0.004868597490713,0.0009414885775186121
0.004509919742122293,0.0009414885775186121
0.006462847907096147,0.0009414885775186121
0.006513381842523813,0.0009414885775186121
0.0050091279670596124,0.0009414885775186121
0.0048746201675385235,0.0009414885775186121
0.004957988811656833,0.0009414885775186121
0.0038075472228229048,0.0009414885775186121
0.00403124806471169,0.0009414885775186121
0.004056256590411067,0.0009414885775186121
0.004269275302067399,0.0009414885775186121
0.004680980322882533,0.0009414885775186121
0.004980801092460752,0.0009414885775186121
0.0067759795114398,0.0009414885775186121
0.0048042880836874245,0.0009414885775186121
0.0031709562754258513,0.0009414885775186121
0.0041371534112840894,0.0009414885775186121
0.003998132422566414,0.0009414885775186121
0.0038581513799726963,0.0009414885775186121
0.004445193917490542,0.0009414885775186121
0.0039438847452402115,0.0009414885775186121
0.0037090420257300137,0.0009414885775186121
0.0036336789140477776,0.0009414885775186121
0.0042086469009518625,0.0009414885775186121
0.004634179826825857,0.0009414885775186121
0.003520825831219554,0.0009414885775186121
0.00430062273517251,0.0009414885775186121
0.0031542931916192173,0.0009414885775186121
0.006552149774506688,0.0009414885775186121
0.005446629319339991,0.0009414885775186121
0.005406749853864312,0.0009414885775186121
0.004496093327179551,0.0009414885775186121
0.005132976453751326,0.0009414885775186121
0.005489444313570857,0.0009414885775186121
0.005940439412370324,0.0009414885775186121
0.004496392654255032,0.0009414885775186121
0.004679587995633483,0.0009414885775186121
0.0052134383004158735,0.0009414885775186121
0.006615144666284323,0.0009414885775186121
0.009678392577916384,0.0009414885775186121
0.00623592734336853,0.0009414885775186121
0.002761581540107727,0.0009414885775186121
0.0021154478192329405,0.0009414885775186121
0.003184970305301249,0.0009414885775186121
0.00426653022877872,0.0009414885775186121
0.006641880935057997,0.0009414885775186121
0.0053736955858767034,0.0009414885775186121
0.003701992146670818,0.0009414885775186121
0.0033957591047510506,0.0009414885775186121
0.004831962147727608,0.0009414885775186121
0.00666746417991817,0.0009414885775186121
0.008168586902320385,0.0009414885775186121
0.006396135222166777,0.0009414885775186121
0.005992535641416908,0.0009414885775186121
0.005968041997402906,0.0009414885775186121
0.007936180662363767,0.0009414885775186121
0.008117595594376326,0.0009414885775186121
0.004557470325380564,0.0009414885775186121
0.0044806775636971,0.0009414885775186121
0.007427695486694574,0.0009414885775186121
0.00407507480122149,0.0009414885775186121
0.0045619232580065725,0.0009414885775186121
0.0047441496513783935,0.0009414885775186121
0.003152791317552328,0.0009414885775186121
0.002383280941285193,0.0009414885775186121
0.0038198056165128945,0.0009414885775186121
0.006696092546917498,0.0009414885775186121
0.006786175724118948,0.0009414885775186121
0.005136216571554541,0.0009414885775186121
0.007682440662756562,0.0009414885775186121
0.006276472192257643,0.0009414885775186121
0.005784866865724325,0.0009414885775186121
0.00444392622448504,0.0009414885775186121
0.003869016235694289,0.0009414885775186121
0.0021487136371433737,0.0009414885775186121
0.004843361815437675,0.0009414885775186121
0.0034692661371082067,0.0009414885775186121
0.004303196724504232,0.0009414885775186121
0.003037484735250473,0.0009414885775186121
0.002159825060516596,0.0009414885775186121
0.0031946951523423193,0.0009414885775186121
0.0036328283604234457,0.0009414885775186121
0.004016188532114029,0.0009414885775186121
0.005384230241179466,0.0009414885775186121
0.006365641206502915,0.0009414885775186121
0.006601393967866897,0.0009414885775186121
0.004902428528293967,0.0009414885775186121
0.003277833480387926,0.0009414885775186121
0.002180892345495522,0.0009414885775186121
0.0022698578424751757,0.0009414885775186121
0.0023186095990240575,0.0009414885775186121
0.0020302196266129614,0.0009414885775186121
0.005648766690865159,0.0009414885775186121
0.006539394427090883,0.0009414885775186121
0.004029434290714562,0.0009414885775186121
0.0018944257986731826,0.0009414885775186121
0.005923312623053789,0.0009414885775186121
0.006411634013056755,0.0009414885775186121
0.005251247249543667,0.0009414885775186121
0.0032681161304935814,0.0009414885775186121
0.004264038521796465,0.0009414885775186121
0.003658029716461897,0.0009414885775186121
0.003811621945351362,0.0009414885775186121
0.0034140714444220064,0.0009414885775186121
0.0029037461150437593,0.0009414885775186121
0.004248348949477077,0.0009414885775186121
0.0036764337681233885,0.0009414885775186121
0.004437467083334923,0.0009414885775186121
0.008979365415871143,0.0009414885775186121
0.005491014942526818,0.0009414885775186121
0.005199296586215496,0.0009414885775186121
0.004625868890434504,0.0009414885775186121
0.00408522596117109,0.0009414885775186121
0.003335300460457802,0.0009414885775186121
0.0055286186980083585,0.0009414885775186121
0.004222489427775145,0.0009414885775186121
0.004320531012490391,0.0009414885775186121
0.0036106119398027657,0.0009414885775186121
0.0031663564499467612,0.0009414885775186121
0.004630973795428872,0.0009414885775186121
0.005944134411402046,0.0009414885775186121
0.00524069294333458,0.0009414885775186121
0.00451199347153306,0.0009414885775186121
0.0034922646824270486,0.0009414885775186121
0.0029195488896220922,0.0009414885775186121
0.0032162566436454653,0.0009414885775186121
0.0032720712013542654,0.0009414885775186121
0.0039759587030857805,0.0009414885775186121
0.0036207335302606224,0.0009414885775186121
0.005328620038926602,0.0009414885775186121
0.005513464100658894,0.0009414885775186121
0.0034828280098736287,0.0009414885775186121
0.0033040007576346396,0.0009414885775186121
0.00312611295375973,0.0009414885775186121
0.005716274562291801,0.0009414885775186121
0.005915168998762965,0.0009414885775186121
0.005183064937591552,0.0009414885775186121
0.004750615172088146,0.0009414885775186121
0.00501422262750566,0.0009414885775186121
0.007971700746566057,0.0009414885775186121
0.006703793350607157,0.0009414885775186121
0.00608921367675066,0.0009414885775186121
0.00575847658328712,0.0009414885775186121
0.005077446019276977,0.0009414885775186121
0.0040995874907821415,0.0009414885775186121
0.005812013195827604,0.0009414885775186121
0.007088127871975302,0.0009414885775186121
0.006722883693873883,0.0009414885775186121
0.005002573365345597,0.0009414885775186121
0.003398609859868884,0.0009414885775186121
0.003944057039916515,0.0009414885775186121
0.00642788156401366,0.0009414885775186121
0.006567964423447847,0.0009414885775186121
0.0045749750453978775,0.0009414885775186121
0.0050924928858876225,0.0009414885775186121
0.00623100446537137,0.0009414885775186121
0.004922860441729427,0.0009414885775186121
0.005407646950334311,0.0009414885775186121
0.005147239612415433,0.0009414885775186121
0.003963847109116614,0.0009414885775186121
0.008896145271137357,0.0009414885775186121
0.012378012854605913,0.0009414885775186121
0.009713590471073985,0.0009414885775186121
0.007425456028431654,0.0009414885775186121
0.006448491755872965,0.0009414885775186121
0.007107161357998848,0.0009414885775186121
0.00573169207200408,0.0009414885775186121
0.005389890493825078,0.0009414885775186121
0.004386385716497898,0.0009414885775186121
0.0038952291943132877,0.0009414885775186121
0.002844888065010309,0.0009414885775186121
0.0032251107040792704,0.0009414885775186121
0.003839554684236646,0.0009414885775186121
0.003418419510126114,0.0009414885775186121
0.004244605405256152,0.0009414885775186121
0.0038595224730670454,0.0009414885775186121
0.007982455752789974,0.0009414885775186121
0.005634245439432561,0.0009414885775186121
0.004480998823419213,0.0009414885775186121
0.003717226721346378,0.0009414885775186121
0.003389884694479406,0.0009414885775186121
0.002360813901759684,0.0009414885775186121
0.0038078359328210356,0.0009414885775186121
0.0035554762929677964,0.0009414885775186121
0.0034775266889482737,0.0009414885775186121
0.004169211024418473,0.0009414885775186121
0.005526197445578873,0.0009414885775186121
0.008281513303518295,0.0009414885775186121
0.00664196633733809,0.0009414885775186121
0.004876353172585368,0.0009414885775186121
0.005492103658616543,0.0009414885775186121
0.0075529120862483975,0.0009414885775186121
0.005566768534481526,0.0009414885775186121
0.010883730091154575,0.0009414885775186121
0.009425516799092292,0.0009414885775186121
0.008408001670613886,0.0009414885775186121
0.00882898671552539,0.0009414885775186121
0.00941792270168662,0.0009414885775186121
0.005264807166531682,0.0009414885775186121
0.002443053270690143,0.0009414885775186121
0.00258578946813941,0.0009414885775186121
0.00294653894379735,0.0009414885775186121
0.002947641909122467,0.0009414885775186121
0.003992486069910229,0.0009414885775186121
0.004413984389975667,0.0009414885775186121
0.0037101354449987412,0.0009414885775186121
0.002846186049282551,0.0009414885775186121
0.0020484695909544826,0.0009414885775186121
0.0029096377780660986,0.0009414885775186121
0.002822066657245159,0.0009414885775186121
0.0023256020387634633,0.0009414885775186121
0.0035008944571018217,0.0009414885775186121
0.002926868945360184,0.0009414885775186121
0.002524322201497853,0.0009414885775186121
0.0022013329435139894,0.0009414885775186121
0.003423092234879732,0.0009414885775186121
0.0025046356255188583,0.0009414885775186121
0.003572780545800924,0.0009414885775186121
0.004048461420461535,0.0009414885775186121
0.006509463069960475,0.0009414885775186121
0.005211875773966312,0.0009414885775186121
0.0054749394301325085,0.0009414885775186121
0.003958957782015204,0.0009414885775186121
0.003448659647256136,0.0009414885775186121
0.0036616070196032525,0.0009414885775186121
0.003908066474832594,0.0009414885775186121
0.0029586761491373183,0.0009414885775186121
0.0034926167223602532,0.0009414885775186121
0.0037264871411025525,0.0009414885775186121
0.00262483439873904,0.0009414885775186121
0.0024330790620297194,0.0009414885775186121
0.002135428856126964,0.0009414885775186121
0.004120892705395817,0.0009414885775186121
0.004262018296867609,0.0009414885775186121
0.0029842959949746726,0.0009414885775186121
0.003602660936303437,0.0009414885775186121
0.0031958337873220443,0.0009414885775186121
0.0029427910223603247,0.0009414885775186121
0.003129569347947836,0.0009414885775186121
0.002240487071685493,0.0009414885775186121
0.0038748214952647685,0.0009414885775186121
0.004205374279990792,0.0009414885775186121
0.0032783587696030734,0.0009414885775186121
0.0031440891325473785,0.0009414885775186121
0.004556804988533258,0.0009414885775186121
0.0061527798417955635,0.0009414885775186121
0.005263190716505051,0.0009414885775186121
0.0062144218478351835,0.0009414885775186121
0.004704460129141807,0.0009414885775186121
0.003756459872238338,0.0009414885775186121
0.003947808290831745,0.0009414885775186121
0.006659444607794285,0.0009414885775186121
0.003849348216317594,0.0009414885775186121
0.003047935268841684,0.0009414885775186121
0.0024407674558460713,0.0009414885775186121
0.0041314903646707535,0.0009414885775186121
0.007043718872591853,0.0009414885775186121
0.00503409574739635,0.0009414885775186121
0.0030753880739212034,0.0009414885775186121
0.003200270258821547,0.0009414885775186121
0.003954022470861673,0.0009414885775186121
0.0033325458876788615,0.0009414885775186121
0.0028248437214642764,0.0009414885775186121
0.0026597913587465883,0.0009414885775186121
0.003606623876839876,0.0009414885775186121
0.0026306049898266793,0.0009414885775186121
0.00373259459156543,0.0009414885775186121
0.007770526921376586,0.0009414885775186121
0.005056926561519503,0.0009414885775186121
0.004608402028679848,0.0009414885775186121
0.008471149019896984,0.0009414885775186121
0.008916053827852011,0.0009414885775186121
0.007034388743340969,0.0009414885775186121
0.006426574662327766,0.0009414885775186121
0.004903510771691799,0.0009414885775186121
0.004711461579427123,0.0009414885775186121
0.005377201968804002,0.0009414885775186121
0.005203415360301733,0.0009414885775186121
0.004261846002191305,0.0009414885775186121
0.0063062000554054976,0.0009414885775186121
0.005680522089824081,0.0009414885775186121
0.006423538830131292,0.0009414885775186121
0.0066166560165584086,0.0009414885775186121
0.005218839924782515,0.0009414885775186121
0.00504638310521841,0.0009414885775186121
0.006775092612951994,0.0009414885775186121
0.00632402477785945,0.0009414885775186121
0.005531063955277205,0.0009414885775186121
0.006210084911435843,0.0009414885775186121
0.0060515051241964105,0.0009414885775186121
0.004758219956420362,0.0009414885775186121
0.006565125146880746,0.0009414885775186121
0.0032656020950525997,0.0009414885775186121
0.004078704072162509,0.0009414885775186121
0.003426838805899024,0.0009414885775186121
0.0034139683004468678,0.0009414885775186121
0.0036739031318575146,0.0009414885775186121
0.0046041132882237434,0.0009414885775186121
0.007154339901171624,0.0009414885775186121
0.005441484320908785,0.0009414885775186121
0.005061377061065286,0.0009414885775186121
0.0021744095254689457,0.0009414885775186121
0.0032869060523808002,0.0009414885775186121
0.00232200026512146,0.0009414885775186121
0.0029751799069345,0.0009414885775186121
0.0043586109764873985,0.0009414885775186121
0.004937297245487571,0.0009414885775186121
0.005427000485360623,0.0009414885775186121
0.0055814723949879404,0.0009414885775186121
0.005129894288256764,0.0009414885775186121
0.006143037881702185,0.0009414885775186121
0.005411734245717526,0.0009414885775186121
0.00569573137909174,0.0009414885775186121
0.005656141601502895,0.0009414885775186121
0.003784472239203751,0.0009414885775186121
0.0026720336638391016,0.0009414885775186121
0.0032608216628432275,0.0009414885775186121
0.003284964570775628,0.0009414885775186121
0.0022719305474311114,0.0009414885775186121
0.001998671633191407,0.0009414885775186121
0.002506578899919987,0.0009414885775186121
0.0028492557583376767,0.0009414885775186121
0.002747241989709437,0.0009414885775186121
0.005284146638587117,0.0009414885775186121
0.005862404219806194,0.0009414885775186121
0.005236764880828559,0.0009414885775186121
0.00830609374679625,0.0009414885775186121
0.008440219890326261,0.0009414885775186121
0.006330188177525997,0.0009414885775186121
0.007325862441211939,0.0009414885775186121
0.0053578647784888744,0.0009414885775186121
0.004124319879338145,0.0009414885775186121
0.0056594831869006155,0.0009414885775186121
0.002618140773847699,0.0009414885775186121
0.002490403177216649,0.0009414885775186121
0.0026646464364603164,0.0009414885775186121
0.0037778097204864023,0.0009414885775186121
0.0035172593779861927,0.0009414885775186121
0.0016875452711246908,0.0009414885775186121
0.002798953466117382,0.0009414885775186121
0.0026568051427602766,0.0009414885775186121
0.003514579962939024,0.0009414885775186121
0.0036657560616731645,0.0009414885775186121
0.0027062141802161933,0.0009414885775186121
0.0028364241123199465,0.0009414885775186121
0.003789275826420635,0.0009414885775186121
0.005352841666899621,0.0009414885775186121
0.0042377904988825325,0.0009414885775186121
0.0035518196877092124,0.0009414885775186121
0.0062975256703794,0.0009414885775186121
0.004740801174193621,0.0009414885775186121
0.004626877489499748,0.0009414885775186121
0.006315276492387056,0.0009414885775186121
0.004399019666016102,0.0009414885775186121
0.0032294758362695574,0.0009414885775186121
0.0024388925638049843,0.0009414885775186121
0.0023015936138108374,0.0009414885775186121
0.0028684292687103153,0.0009414885775186121
0.002508128248155117,0.0009414885775186121
0.003439764492213726,0.0009414885775186121
0.0047977509209886195,0.0009414885775186121
0.0038713269401341676,0.0009414885775186121
0.003866510954685509,0.0009414885775186121
0.006028942367993295,0.0009414885775186121
0.004331749211996794,0.0009414885775186121
0.005162506736814976,0.0009414885775186121
0.004385237162932753,0.0009414885775186121
0.005703413253650069,0.0009414885775186121
0.004336065845564008,0.0009414885775186121
0.004159825202077627,0.0009414885775186121
0.004634168511256575,0.0009414885775186121
0.006137945083901286,0.0009414885775186121
0.003304332448169589,0.0009414885775186121
0.0031027525197714566,0.0009414885775186121
0.002652978710830212,0.0009414885775186121
0.0033480531303212045,0.0009414885775186121
0.0040835733525455,0.0009414885775186121
0.0047581666614860295,0.0009414885775186121
0.0034215791150927545,0.0009414885775186121
0.002765850909054279,0.0009414885775186121
0.004844815516844392,0.0009414885775186121
0.005300041381269693,0.0009414885775186121
0.008666789252310991,0.0009414885775186121
0.008725779596716166,0.0009414885775186121
0.005464337905868888,0.0009414885775186121
0.006302132911514491,0.0009414885775186121
0.004930868232622743,0.0009414885775186121
0.004950595973059535,0.0009414885775186121
0.003289328794926405,0.0009414885775186121
0.004072476457804441,0.0009414885775186121
0.005492585292086005,0.0009414885775186121
0.004916551988571882,0.0009414885775186121
0.004439212963916361,0.0009414885775186121
0.008779475372284651,0.0009414885775186121
0.0058401639107614756,0.0009414885775186121
0.005335284536704421,0.0009414885775186121
0.005265740607865155,0.0009414885775186121
0.009192540124058724,0.0009414885775186121
0.0044727287720888855,0.0009414885775186121
0.004567926772870124,0.0009414885775186121
0.0043081255629658696,0.0009414885775186121
0.0029855714412406085,0.0009414885775186121
0.003981768107041717,0.0009414885775186121
0.004006295837461949,0.0009414885775186121
0.003349638730287552,0.0009414885775186121
0.002594701456837356,0.0009414885775186121
0.0023561344482004643,0.0009414885775186121
0.002286792383529246,0.0009414885775186121
0.0027367349714040754,0.0009414885775186121
0.0030098737683147193,0.0009414885775186121
0.002434000722132623,0.0009414885775186121
0.0020645059645175933,0.0009414885775186121
0.002949701528996229,0.0009414885775186121
0.0027895204955711963,0.0009414885775186121
0.004793812008574605,0.0009414885775186121
0.0035063185263425113,0.0009414885775186121
0.0033966675400733948,0.0009414885775186121
0.0034059016034007072,0.0009414885775186121
0.0027831685729324818,0.0009414885775186121
0.002356924884952605,0.0009414885775186121
0.0021638038684614,0.0009414885775186121
0.0022405530675314368,0.0009414885775186121
0.002333715045824647,0.0009414885775186121
0.0028443939751014113,0.0009414885775186121
0.0025429042754694818,0.0009414885775186121
0.0059568184427917,0.0009414885775186121
0.005907279718667269,0.0009414885775186121
0.005159228015691042,0.0009414885775186121
0.003825526381842792,0.0009414885775186121
0.0032394710695371033,0.0009414885775186121
0.004710303153842688,0.0009414885775186121
0.004259970551356673,0.0009414885775186121
0.0035078722052276135,0.0009414885775186121
0.0016749989008530974,0.0009414885775186121
0.0025694982148706915,0.0009414885775186121
0.003133139666169882,0.0009414885775186121
0.002195865451358259,0.0009414885775186121
0.003893504571169615,0.0009414885775186121
0.0032344551058486105,0.0009414885775186121
0.0013393724686466158,0.0009414885775186121
0.001962022203952074,0.0009414885775186121
0.0021688359091058375,0.0009414885775186121
0.004233865952119231,0.0009414885775186121
0.004796296777203679,0.0009414885775186121
0.0037131402641534805,0.0009414885775186121
0.004104506084695458,0.0009414885775186121
0.004444898897781968,0.0009414885775186121
0.005321999965235591,0.0009414885775186121
0.004405185207724571,0.0009414885775186121
0.0035657768603414297,0.0009414885775186121
0.0021565209142863752,0.0009414885775186121
0.0029476255178451536,0.0009414885775186121
0.0026028725784271955,0.0009414885775186121
0.002440578513778746,0.0009414885775186121
0.0035135501995682715,0.0009414885775186121
0.0038284691981971264,0.0009414885775186121
0.003327593929134309,0.0009414885775186121
0.0024621571647003293,0.0009414885775186121
0.002749589644372463,0.0009414885775186121
0.0025289366021752357,0.0009414885775186121
0.0028969446662813424,0.0009414885775186121
0.0024139616638422013,0.0009414885775186121
0.001712920842692256,0.0009414885775186121
0.0016644005198031663,0.0009414885775186121
0.0022096143336966636,0.0009414885775186121
0.00301314543467015,0.0009414885775186121
0.0029054764658212663,0.0009414885775186121
0.003023697016760707,0.0009414885775186121
0.002010012115351856,0.0009414885775186121
0.0023916407022625207,0.0009414885775186121
0.00198278792668134,0.0009414885775186121
0.0025977896293625236,0.0009414885775186121
0.002328525553457439,0.0009414885775186121
0.002901156828738749,0.0009414885775186121
0.002569572161883116,0.0009414885775186121
0.0035575708141550423,0.0009414885775186121
0.004027739493176341,0.0009414885775186121
0.0030301692429929973,0.0009414885775186121
0.0030028573935851456,0.0009414885775186121
0.0016506281914189457,0.0009414885775186121
0.0017537428066134453,0.0009414885775186121
0.0020040197763592006,0.0009414885775186121
0.0018673525657504797,0.0009414885775186121
0.0018796916352584957,0.0009414885775186121
0.0028878225944936275,0.0009414885775186121
0.0026793007273226976,0.0009414885775186121
0.0027369837276637553,0.0009414885775186121
0.0031425927765667437,0.0009414885775186121
0.0025399228557944297,0.0009414885775186121
0.002227453445084393,0.0009414885775186121
0.0020358906826004387,0.0009414885775186121
0.0014632527017965913,0.0009414885775186121
0.0017875489196740092,0.0009414885775186121
0.0020326219499111177,0.0009414885775186121
0.002165123331360519,0.0009414885775186121
0.0021096664480865003,0.0009414885775186121
0.002495991624891758,0.0009414885775186121
0.004591702064499259,0.0009414885775186121
0.002949877781793475,0.0009414885775186121
0.002818076824769378,0.0009414885775186121
0.0023206969257444144,0.0009414885775186121
0.0020660556852817535,0.0009414885775186121
0.0023932472802698614,0.0009414885775186121
0.002685031946748495,0.0009414885775186121
0.0020263861399143933,0.0009414885775186121
0.002574830804951489,0.0009414885775186121
0.0026674286229535936,0.0009414885775186121
0.003657950134947896,0.0009414885775186121
0.003317639883607626,0.0009414885775186121
0.0021205135504715144,0.0009414885775186121
0.00245355018414557,0.0009414885775186121
0.002659623371437192,0.0009414885775186121
0.002569247526116669,0.0009414885775186121
0.0021947134751826524,0.0009414885775186121
0.00227735850494355,0.0009414885775186121
0.0032175508793443443,0.0009414885775186121
0.003281862847507,0.0009414885775186121
0.0026499291183426977,0.0009414885775186121
0.0022538551595062016,0.0009414885775186121
0.0016904309042729438,0.0009414885775186121
0.0018889611354097724,0.0009414885775186121
0.002476232103072107,0.0009414885775186121
0.0035560937598347665,0.0009414885775186121
0.004617351852357387,0.0009414885775186121
0.005427650967612862,0.0009414885775186121
0.00526301828213036,0.0009414885775186121
0.00443256301805377,0.0009414885775186121
0.0036309107672423124,0.0009414885775186121
0.0023840276524424555,0.0009414885775186121
0.0015814922284334899,0.0009414885775186121
0.0016617177985608577,0.0009414885775186121
0.0021183614851906897,0.0009414885775186121
0.0021825818112120032,0.0009414885775186121
0.002299518999643624,0.0009414885775186121
0.002236879803240299,0.0009414885775186121
0.0017739912960678338,0.0009414885775186121
0.002215926442295313,0.0009414885775186121
0.002176795224659145,0.0009414885775186121
0.0028371250489726664,0.0009414885775186121
0.005475775292143226,0.0009414885775186121
0.004503420740365982,0.0009414885775186121
0.0045222986955195665,0.0009414885775186121
0.0028811500873416663,0.0009414885775186121
0.0019084139377810061,0.0009414885775186121
0.001823026651982218,0.0009414885775186121
0.0025224676355719566,0.0009414885775186121
0.0025319440057501195,0.0009414885775186121
0.002169852377846837,0.0009414885775186121
0.0014414846082217991,0.0009414885775186121
0.002141681453213096,0.0009414885775186121
0.0021353211952373384,0.0009414885775186121
0.0018948805052787065,0.0009414885775186121
0.002153337001800537,0.0009414885775186121
0.003448097221553326,0.0009414885775186121
0.002193720475770533,0.0009414885775186121
0.002176778973080218,0.0009414885775186121
0.0025988779263570903,0.0009414885775186121
0.0022979160072281956,0.0009414885775186121
0.0029005993157625197,0.0009414885775186121
0.002582148020155728,0.0009414885775186121
0.001984911528415978,0.0009414885775186121
0.0023398217745125294,0.0009414885775186121
0.0026625066064298155,0.0009414885775186121
0.0022622789489105343,0.0009414885775186121
0.0025309449294582008,0.0009414885775186121
0.0016931481426581741,0.0009414885775186121
0.0016550551867112518,0.0009414885775186121
0.0017351240618154406,0.0009414885775186121
0.0018026665900833904,0.0009414885775186121
0.0025308056967332957,0.0009414885775186121
0.002131947688758373,0.0009414885775186121
0.0026091755367815494,0.0009414885775186121
0.002118654199875891,0.0009414885775186121
0.0030203474103473126,0.0009414885775186121
0.005625227885320783,0.0009414885775186121
0.004973937571048736,0.0009414885775186121
0.004416250018402934,0.0009414885775186121
0.004406420909799635,0.0009414885775186121
0.004996036342345178,0.0009414885775186121
0.004088784381747246,0.0009414885775186121
0.0037915430963039397,0.0009414885775186121
0.0039009304717183115,0.0009414885775186121
0.0026675740140490235,0.0009414885775186121
0.0018899920396506786,0.0009414885775186121
0.001769246719777584,0.0009414885775186121
0.002341568493284285,0.0009414885775186121
0.003023594687692821,0.0009414885775186121
0.0032095578499138355,0.0009414885775186121
0.002298301248811185,0.0009414885775186121
0.0022606405895203353,0.0009414885775186121
0.002407221239991486,0.0009414885775186121
0.0017930639442056417,0.0009414885775186121
0.0026487312745302914,0.0009414885775186121
0.0029587988159619273,0.0009414885775186121
0.003760398330632597,0.0009414885775186121
0.0048819060903042555,0.0009414885775186121
0.0031689073890447616,0.0009414885775186121
0.0034434612840414046,0.0009414885775186121
0.004941587848588824,0.0009414885775186121
0.002774906414560974,0.0009414885775186121
0.0019800422247499227,0.0009414885775186121
0.0016909371130168437,0.0009414885775186121
0.0016459523700177669,0.0009414885775186121
0.0026345954975113273,0.0009414885775186121
0.002206851029768586,0.0009414885775186121
0.0017989492509514094,0.0009414885775186121
0.002063728542998433,0.0009414885775186121
0.003914029081352055,0.0009414885775186121
0.004685534094460308,0.0009414885775186121
0.0057452474255114796,0.0009414885775186121
0.0034954284317791464,0.0009414885775186121
0.0033500647405162454,0.0009414885775186121
0.005299100559204817,0.0009414885775186121
0.005109087377786636,0.0009414885775186121
0.003772062063217163,0.0009414885775186121
0.0029363007051870227,0.0009414885775186121
0.0036752582527697086,0.0009414885775186121
0.0034088833257555962,0.0009414885775186121
0.002800923562608659,0.0009414885775186121
0.004204381676390767,0.0009414885775186121
0.0034181336173787712,0.0009414885775186121
0.0018219982041046024,0.0009414885775186121
0.0026698916452005507,0.0009414885775186121
0.0028010723646730183,0.0009414885775186121
0.002749853767454624,0.0009414885775186121
0.001635580137372017,0.0009414885775186121
0.0023355274694040417,0.0009414885775186121
0.0025211704429239034,0.0009414885775186121
0.0021380668738856913,0.0009414885775186121
0.0019000998232513665,0.0009414885775186121
0.002872202219441533,0.0009414885775186121
0.0017443062039092182,0.0009414885775186121
0.001996514550410211,0.0009414885775186121
0.002361640566959977,0.0009414885775186121
0.002210122672840953,0.0009414885775186121
0.001361466757953167,0.0009414885775186121
0.0016388118150644005,0.0009414885775186121
0.0027196993585675957,0.0009414885775186121
0.0024865733459591864,0.0009414885775186121
0.0020800256635993717,0.0009414885775186121
0.0025087913731113077,0.0009414885775186121
0.0022427651565521955,0.0009414885775186121
0.0020836709532886743,0.0009414885775186121
0.002687499113380909,0.0009414885775186121
0.0028759760549291967,0.0009414885775186121
0.0026478102197870614,0.0009414885775186121
0.001884111447725445,0.0009414885775186121
0.0020699095563031732,0.0009414885775186121
0.0021699597709812224,0.0009414885775186121
0.0021098758676089346,0.0009414885775186121
0.0020327984122559426,0.0009414885775186121
0.002260582381859422,0.0009414885775186121
0.0019460294162854553,0.0009414885775186121
0.0019129518186673522,0.0009414885775186121
0.002729523624293506,0.0009414885775186121
0.0029727536486461757,0.0009414885775186121
0.001947763073258102,0.0009414885775186121
0.002281542681157589,0.0009414885775186121
0.0019632061710581185,0.0009414885775186121
0.0023812119383364917,0.0009414885775186121
0.002244557882659137,0.0009414885775186121
0.0019373068120330573,0.0009414885775186121
0.0024116395274177195,0.0009414885775186121
0.0022627141093835234,0.0009414885775186121
0.0015523050562478602,0.0009414885775186121
0.0013132070191204548,0.0009414885775186121
0.0016818400705233215,0.0009414885775186121
0.0018145280191674829,0.0009414885775186121
0.0022975016152486207,0.0009414885775186121
0.001922195276711136,0.0009414885775186121
0.0028573239920660853,0.0009414885775186121
0.004305629734881222,0.0009414885775186121
0.0029164665611460805,0.0009414885775186121
0.0034879772923886777,0.0009414885775186121
0.00417865184135735,0.0009414885775186121
0.003386078868061304,0.0009414885775186121
0.003886804822832346,0.0009414885775186121
0.0038446689955890178,0.0009414885775186121
0.003995354659855366,0.0009414885775186121
0.003652356727980077,0.0009414885775186121
0.0038197744404897096,0.0009414885775186121
0.0024144271621480582,0.0009414885775186121
0.0027271670987829566,0.0009414885775186121
0.001862202025949955,0.0009414885775186121
0.0017822592635639012,0.0009414885775186121
0.002070546196773648,0.0009414885775186121
0.0016675133490934968,0.0009414885775186121
0.0025848617311567067,0.0009414885775186121
0.003562198532745242,0.0009414885775186121
0.004323688102886081,0.0009414885775186121
0.0026023085229098797,0.0009414885775186121
0.0021068649366497993,0.0009414885775186121
0.0021776079898700117,0.0009414885775186121
0.002143499883823097,0.0009414885775186121
0.0028819072293117644,0.0009414885775186121
0.002947243116796017,0.0009414885775186121
0.0029672659235075115,0.0009414885775186121
0.0025619952008128165,0.0009414885775186121
0.0016084254253655671,0.0009414885775186121
0.0016366838244721293,0.0009414885775186121
0.002255917224101722,0.0009414885775186121
0.0020645517157390713,0.0009414885775186121
0.002200158918276429,0.0009414885775186121
0.0018476151628419757,0.0009414885775186121
0.0014180970843881368,0.0009414885775186121
0.001091914379503578,0.0009414885775186121
0.001483074645511806,0.0009414885775186121
0.003045099205337465,0.0009414885775186121
0.0037755885859951377,0.0009414885775186121
0.0025621232809498904,0.0009414885775186121
0.0021597897517494856,0.0009414885775186121
0.0019505573203787208,0.0009414885775186121
0.0018860762938857079,0.0009414885775186121
0.002393065905198455,0.0009414885775186121
0.001583832991309464,0.0009414885775186121
0.00141161564970389,0.0009414885775186121
0.0020156354177743195,0.0009414885775186121
0.0021358325611799955,0.0009414885775186121
0.0018623024458065628,0.0009414885775186121
0.0022524281637743117,0.0009414885775186121
0.001935566239990294,0.0009414885775186121
0.0023780066519975664,0.0009414885775186121
0.0020733851939439773,0.0009414885775186121
0.0016426408546976745,0.0009414885775186121
0.0019746558275073765,0.0009414885775186121
0.00230889858212322,0.0009414885775186121
0.0021031041629612445,0.0009414885775186121
0.0033698237501084806,0.0009414885775186121
0.0021385121392086147,0.0009414885775186121
0.003750723600387573,0.0009414885775186121
0.0026968134101480246,0.0009414885775186121
0.002406932623125613,0.0009414885775186121
0.0018237627344205975,0.0009414885775186121
0.002192194957751781,0.0009414885775186121
0.0015814959187991917,0.0009414885775186121
0.002682078769430518,0.0009414885775186121
0.0029653123579919337,0.0009414885775186121
0.0020354989916086196,0.0009414885775186121
0.0012433623778633773,0.0009414885775186121
0.0019165768520906568,0.0009414885775186121
0.0020764457760378717,0.0009414885775186121
0.001532004785258323,0.0009414885775186121
0.002091348252724856,0.0009414885775186121
0.001922318385913968,0.0009414885775186121
0.0021650244249030947,0.0009414885775186121
0.0017347856424748897,0.0009414885775186121
0.0040893270401284095,0.0009414885775186121
0.003818036732263863,0.0009414885775186121
0.005031467927619815,0.0009414885775186121
0.0035323014948517085,0.0009414885775186121
0.003136329888366163,0.0009414885775186121
0.0031452098861336707,0.0009414885775186121
0.003853489691391587,0.0009414885775186121
0.002144173067063093,0.0009414885775186121
0.0024658407317474486,0.0009414885775186121
0.002589565375819802,0.0009414885775186121
0.004617168311960995,0.0009414885775186121
0.0024530788650736213,0.0009414885775186121
0.0014285056735388935,0.0009414885775186121
0.002070247440133244,0.0009414885775186121
0.0012689135503023863,0.0009414885775186121
0.0017721688840538264,0.0009414885775186121
0.0028168281773105265,0.0009414885775186121
0.0036972979083657264,0.0009414885775186121
0.0020789399975910785,0.0009414885775186121
0.00133431846043095,0.0009414885775186121
0.0010762620368041098,0.0009414885775186121
0.0016547811217606067,0.0009414885775186121
0.0017703170422464609,0.0009414885775186121
0.001878721104003489,0.0009414885775186121
0.001714522298425436,0.0009414885775186121
0.001569690485484898,0.0009414885775186121
0.0014738491736352444,0.0009414885775186121
0.002011532592587173,0.0009414885775186121
0.003853600053116679,0.0009414885775186121
0.0025667530251666905,0.0009414885775186121
0.0023087526205927134,0.0009414885775186121
0.0020054754335433246,0.0009414885775186121
0.0012132662464864551,0.0009414885775186121
0.0013047713902778924,0.0009414885775186121
0.0014690646901726722,0.0009414885775186121
0.0018125979462638498,0.0009414885775186121
0.0020484978565946223,0.0009414885775186121
0.0022997243329882623,0.0009414885775186121
0.0014322783099487424,0.0009414885775186121
0.0017089761095121503,0.0009414885775186121
0.0018523815786466002,0.0009414885775186121
0.001768582477234304,0.0009414885775186121
0.0015009685419499874,0.0009414885775186121
0.001501479046419263,0.0009414885775186121
0.0021021233056671917,0.0009414885775186121
0.0017417851253412665,0.0009414885775186121
0.002325548359658569,0.0009414885775186121
0.0029980898601934315,0.0009414885775186121
0.00236321825068444,0.0009414885775186121
0.001960678561590612,0.0009414885775186121
0.0015801514033228158,0.0009414885775186121
0.001697399583645165,0.0009414885775186121
0.0023243566509336235,0.0009414885775186121
0.0025640542153269053,0.0009414885775186121
0.0036618633195757864,0.0009414885775186121
0.0026398936053737996,0.0009414885775186121
0.003633942431770265,0.0009414885775186121
0.0031054077437147496,0.0009414885775186121
0.0033045659540221093,0.0009414885775186121
0.004288336087483913,0.0009414885775186121
0.002930800197646022,0.0009414885775186121
0.0017274650163017213,0.0009414885775186121
0.0021239892113953827,0.0009414885775186121
0.004129133932292461,0.0009414885775186121
0.0035071521531790497,0.0009414885775186121
0.00350117664784193,0.0009414885775186121
0.0032486053882166744,0.0009414885775186121
0.0021189101273193954,0.0009414885775186121
0.0020609778352081777,0.0009414885775186121
0.0017415788373909892,0.0009414885775186121
0.0017735336790792645,0.0009414885775186121
0.0015899519668892026,0.0009414885775186121
0.001919783605262637,0.0009414885775186121
0.0016756708268076182,0.0009414885775186121
0.003227450232952833,0.0009414885775186121
0.002938231988810003,0.0009414885775186121
0.002372441510669887,0.0009414885775186121
0.0012877466971985996,0.0009414885775186121
0.0023184668505564334,0.0009414885775186121
0.0020268850959837435,0.0009414885775186121
0.0023865181487053634,0.0009414885775186121
0.002015082910656929,0.0009414885775186121
0.0015131477033719421,0.0009414885775186121
0.0012531475047580897,0.0009414885775186121
0.0019398703472688795,0.0009414885775186121
0.001725163497030735,0.0009414885775186121
0.0019036692276131362,0.0009414885775186121
0.002039910340681672,0.0009414885775186121
0.001467999746091664,0.0009414885775186121
0.0019682098412886263,0.0009414885775186121
0.002156878320965916,0.0009414885775186121
0.0019307009177282452,0.0009414885775186121
0.001562033942900598,0.0009414885775186121
0.0019792772363871336,0.0009414885775186121
0.001552965701557696,0.0009414885775186121
0.0017503630137071014,0.0009414885775186121
0.001687289704568684,0.0009414885775186121
0.0016274864785373211,0.0009414885775186121
0.001793349243234843,0.0009414885775186121
0.002494908683001995,0.0009414885775186121
0.0017772905062884091,0.0009414885775186121
0.00223379775416106,0.0009414885775186121
0.002261976641602814,0.0009414885775186121
0.0018330683931708335,0.0009414885775186121
0.0020521887694485486,0.0009414885775186121
0.002223312365822494,0.0009414885775186121
0.002753204293549061,0.0009414885775186121
0.0039231250761076805,0.0009414885775186121
0.0019931129179894926,0.0009414885775186121
0.0013883510720916093,0.0009414885775186121
0.0011120325420051814,0.0009414885775186121
0.0022499750135466456,0.0009414885775186121
0.002335826796479523,0.0009414885775186121
0.0026684996904805303,0.0009414885775186121
0.003056253888644278,0.0009414885775186121
0.0039061903255060313,0.0009414885775186121
0.0034891560673713682,0.0009414885775186121
0.0038907394744455816,0.0009414885775186121
0.002211368945427239,0.0009414885775186121
0.001995520433411002,0.0009414885775186121
0.0018284468445926906,0.0009414885775186121
0.00143331567524001,0.0009414885775186121
0.0011011443566530943,0.0009414885775186121
0.0019114826805889606,0.0009414885775186121
0.0018990378128364682,0.0009414885775186121
0.002987024700269103,0.0009414885775186121
0.003239077399484813,0.0009414885775186121
0.0015723600052297115,0.0009414885775186121
0.0012386703281663358,0.0009414885775186121
0.0011959378374740482,0.0009414885775186121
0.0024092196952551605,0.0009414885775186121
0.002926846453920007,0.0009414885775186121
0.0021400830475613473,0.0009414885775186121
0.0014947518473491072,0.0009414885775186121
0.0017208665842190385,0.0009414885775186121
0.0011401809868402779,0.0009414885775186121
0.0013894081814214588,0.0009414885775186121
0.0011850498500280081,0.0009414885775186121
0.0014190510148182512,0.0009414885775186121
0.0013595134252682329,0.0009414885775186121
0.001328294991981238,0.0009414885775186121
0.0010998205514624714,0.0009414885775186121
0.0014813085785135628,0.0009414885775186121
0.0013865766464732586,0.0009414885775186121
0.0016063407063484191,0.0009414885775186121
0.001719257398508489,0.0009414885775186121
0.002091534878127277,0.0009414885775186121
0.0017328581539914011,0.0009414885775186121
0.0016620079055428504,0.0009414885775186121
0.0018943681847304107,0.0009414885775186121
0.001480141398496926,0.0009414885775186121
0.0016444214154034853,0.0009414885775186121
0.001238699839450419,0.0009414885775186121
0.0015461863484233617,0.0009414885775186121
0.0016339079244062304,0.0009414885775186121
0.002017930895090103,0.0009414885775186121
0.0019930202281102536,0.0009414885775186121
0.0022590278764255344,0.0009414885775186121
0.001793319918215275,0.0009414885775186121
0.0016202441649511457,0.0009414885775186121
0.0015937266871333122,0.0009414885775186121
0.0021836693631485105,0.0009414885775186121
0.002106976369395852,0.0009414885775186121
0.0017069161171093584,0.0009414885775186121
0.0012554190820083023,0.0009414885775186121
0.0016794022056274116,0.0009414885775186121
0.0015957882627844811,0.0009414885775186121
0.0017310528666712344,0.0009414885775186121
0.0019965464947745205,0.0009414885775186121
0.0030847184709273277,0.0009414885775186121
0.003994624130427837,0.0009414885775186121
0.0031124678440392016,0.0009414885775186121
0.0022693225648254154,0.0009414885775186121
0.002612245338968933,0.0009414885775186121
0.0020858381874859335,0.0009414885775186121
0.002426589676178992,0.0009414885775186121
0.002646975731477141,0.0009414885775186121
0.0027018177788704634,0.0009414885775186121
0.0026769810589030384,0.0009414885775186121
0.003361372230574489,0.0009414885775186121
0.0019696877570822835,0.0009414885775186121
0.003413682454265654,0.0009414885775186121
0.004098070249892771,0.0009414885775186121
0.003272598749026656,0.0009414885775186121
0.002659430913627148,0.0009414885775186121
0.002291634655557573,0.0009414885775186121
0.0014784183469600976,0.0009414885775186121
0.0021358124911785127,0.0009414885775186121
0.0018524684477597476,0.0009414885775186121
0.0018411548517178744,0.0009414885775186121
0.0017799952765926719,0.0009414885775186121
0.0016740670427680016,0.0009414885775186121
0.0017353302566334606,0.0009414885775186121
0.0016325250966474415,0.0009414885775186121
0.0018426561611704529,0.0009414885775186121
0.0013738701702095569,0.0009414885775186121
0.0019251375924795866,0.0009414885775186121
0.0020977745996788146,0.0009414885775186121
0.003350874059833586,0.0009414885775186121
0.0026962588308379054,0.0009414885775186121
0.002207819535396993,0.0009414885775186121
0.0018195319455116988,0.0009414885775186121
0.002086958708241582,0.0009414885775186121
0.0018171348376199604,0.0009414885775186121
0.001572905178181827,0.0009414885775186121
0.0015744107426144184,0.0009414885775186121
0.0015391206834465265,0.0009414885775186121
0.001036637753713876,0.0009414885775186121
0.0012347029871307314,0.0009414885775186121
0.0011376966605894268,0.0009414885775186121
0.0019531199242919684,0.0009414885775186121
0.0015449654310941696,0.0009414885775186121
0.0014994748402386905,0.0009414885775186121
0.001687357435002923,0.0009414885775186121
0.001687165955081582,0.0009414885775186121
0.0018426495720632375,0.0009414885775186121
0.002589776017703116,0.0009414885775186121
0.003405206836760044,0.0009414885775186121
0.002478386554867029,0.0009414885775186121
0.0023762583034113048,0.0009414885775186121
0.0019595959689468145,0.0009414885775186121
0.0015896387398242951,0.0009414885775186121
0.0021846278454177082,0.0009414885775186121
0.002799100149422884,0.0009414885775186121
0.0023378623882308602,0.0009414885775186121
0.002503371122293174,0.0009414885775186121
0.0015560635598376392,0.0009414885775186121
0.002077797707170248,0.0009414885775186121
0.0026897940086200835,0.0009414885775186121
0.0023267626529559493,0.0009414885775186121
0.002076598023995757,0.0009414885775186121
0.002492135087959468,0.0009414885775186121
0.0022473780205473303,0.0009414885775186121
0.0018189736641943456,0.0009414885775186121
0.0019969063345342875,0.0009414885775186121
0.001886551349889487,0.0009414885775186121
0.001987756136804819,0.0009414885775186121
0.0013969285530038178,0.0009414885775186121
0.0015726182842627167,0.0009414885775186121
0.0014397724764421583,0.0009414885775186121
0.002002467995043844,0.0009414885775186121
0.0020981770823709665,0.0009414885775186121
0.001639805280137807,0.0009414885775186121
0.0014358821441419422,0.0009414885775186121
0.0017607814632356166,0.0009414885775186121
0.0013612298876978456,0.0009414885775186121
0.001515201828442514,0.0009414885775186121
0.0010799974319525064,0.0009414885775186121
0.0012525691417977214,0.0009414885775186121
0.0018582145683467388,0.0009414885775186121
0.001954980054870248,0.0009414885775186121
0.0016704982845112681,0.0009414885775186121
0.001474637002684176,0.0009414885775186121
0.0013412233791314065,0.0009414885775186121
0.001682307687588036,0.0009414885775186121
0.0007810286013409495,0.0009414885775186121
0.0009540626371745021,0.0009414885775186121
0.0013988886727020144,0.0009414885775186121
0.0027388696558773517,0.0009414885775186121
0.0027033799095079305,0.0009414885775186121
0.0021290890173986552,0.0009414885775186121
0.0020976074039936064,0.0009414885775186121
0.0018672502948902548,0.0009414885775186121
0.001840675389394164,0.0009414885775186121
0.0015422297641634942,0.0009414885775186121
0.0014942144975066186,0.0009414885775186121
0.0021282649831846356,0.0009414885775186121
0.003340025572106242,0.0009414885775186121
0.002477535861544311,0.0009414885775186121
0.0026742998394183814,0.0009414885775186121
0.003325336962006986,0.0009414885775186121
0.004039863520301878,0.0009414885775186121
0.0033732297364622355,0.0009414885775186121
0.003643212141469121,0.0009414885775186121
0.002644117409363389,0.0009414885775186121
0.0024586438899859785,0.0009414885775186121
0.002487363899126649,0.0009414885775186121
0.002270219288766384,0.0009414885775186121
0.0018623483600094914,0.0009414885775186121
0.0021485066274181007,0.0009414885775186121
0.003307314543053508,0.0009414885775186121
0.0027661501429975034,0.0009414885775186121
0.0029844654025509955,0.0009414885775186121
0.0029858076479285954,0.0009414885775186121
0.0021333622047677637,0.0009414885775186121
0.0028358126524835824,0.0009414885775186121
0.0020520349266007543,0.0009414885775186121
0.0020787749672308564,0.0009414885775186121
0.0015847047325223684,0.0009414885775186121
0.0017160173738375306,0.0009414885775186121
0.001713420357555151,0.0009414885775186121
0.0012440253980457784,0.0009414885775186121
0.0016435238299891352,0.0009414885775186121
0.002117483364418149,0.0009414885775186121
0.0034295864868909122,0.0009414885775186121
0.0026213404722511767,0.0009414885775186121
0.0025277143577113748,0.0009414885775186121
0.0026628657011315226,0.0009414885775186121
0.0019017775310203433,0.0009414885775186121
0.0017354583833366632,0.0009414885775186121
0.001927106734365225,0.0009414885775186121
0.0016718532191589476,0.0009414885775186121
0.0019541150773875414,0.0009414885775186121
0.001038920192513615,0.0009414885775186121
0.0013323607621714474,0.0009414885775186121
0.0013464822201058268,0.0009414885775186121
0.0014308404410257936,0.0009414885775186121
0.0016186371678486467,0.0009414885775186121
0.0011526517453603446,0.0009414885775186121
0.0013283281703479588,0.0009414885775186121
0.0013658447423949838,0.0009414885775186121
0.00209031734848395,0.0009414885775186121
0.0034823228605091574,0.0009414885775186121
0.0037596893962472677,0.0009414885775186121
0.004479103209450841,0.0009414885775186121
0.0031358481384813784,0.0009414885775186121
0.0026723625138401984,0.0009414885775186121
0.002535153576172888,0.0009414885775186121
0.002041218988597393,0.0009414885775186121
0.0025544984731823207,0.0009414885775186121
0.0019524780102074147,0.0009414885775186121
0.0021308118710294368,0.0009414885775186121
0.0026795117184519766,0.0009414885775186121
0.0018193993484601379,0.0009414885775186121
0.0033671097597107293,0.0009414885775186121
0.002425124100409448,0.0009414885775186121
0.0017658362165093422,0.0009414885775186121
0.0017454779124818742,0.0009414885775186121
0.0024762365501374006,0.0009414885775186121
0.0019196250941604376,0.0009414885775186121
0.0014412540476769209,0.0009414885775186121
0.0007909602602012456,0.0009414885775186121
0.0011099755764007568,0.0009414885775186121
0.0010735708521679044,0.0009414885775186121
0.000980103004258126,0.0009414885775186121
0.0009218312567099929,0.0009414885775186121
0.001350745209492743,0.0009414885775186121
0.0013082725694403053,0.0009414885775186121
0.0028444386320188642,0.0009414885775186121
0.0036595019279047846,0.0009414885775186121
0.0030278181191533806,0.0009414885775186121
0.002682506013661623,0.0009414885775186121
0.0031218333868309857,0.0009414885775186121
0.0036689607426524163,0.0009414885775186121
0.002368293656036258,0.0009414885775186121
0.0020899218739941715,0.0009414885775186121
0.0032497202279046177,0.0009414885775186121
0.003278102201875299,0.0009414885775186121
0.0040258991997689005,0.0009414885775186121
0.0033187263179570436,0.0009414885775186121
0.0026696349726989866,0.0009414885775186121
0.0019575335783883928,0.0009414885775186121
0.0027241431176662444,0.0009414885775186121
0.0019039605045691132,0.0009414885775186121
0.0016290705418214202,0.0009414885775186121
0.0014743667095899581,0.0009414885775186121
0.0013484143186360598,0.0009414885775186121
0.0010326168499886989,0.0009414885775186121
0.001540291414130479,0.0009414885775186121
0.001961501850746572,0.0009414885775186121
0.0022914505447261036,0.0009414885775186121
0.0022163270739838483,0.0009414885775186121
0.0014521134202368558,0.0009414885775186121
0.0009591786889359355,0.0009414885775186121
0.0014822916476987303,0.0009414885775186121
0.002225599205121398,0.0009414885775186121
0.0019115127390250564,0.0009414885775186121
0.0017735478235408665,0.0009414885775186121
0.0016388745978474617,0.0009414885775186121
0.0016026398981921375,0.0009414885775186121
0.0016237608389928937,0.0009414885775186121
0.0010732891969382763,0.0009414885775186121
0.001039016293361783,0.0009414885775186121
0.0009156638290733099,0.0009414885775186121
0.0009497266495600343,0.0009414885775186121
0.0009123193798586726,0.0009414885775186121
0.0011245403555221855,0.0009414885775186121
0.0010827811143826692,0.0009414885775186121
0.001137395133264363,0.0009414885775186121
0.0011097974260337652,0.0009414885775186121
0.001444522337988019,0.0009414885775186121
0.0018878044560551644,0.0009414885775186121
0.00118671195814386,0.0009414885775186121
0.0011421685689128936,0.0009414885775186121
0.0008541511371731759,0.0009414885775186121
0.001413544313982129,0.0009414885775186121
0.0013396562775596977,0.0009414885775186121
0.0009395365952514112,0.0009414885775186121
0.0016395298065617681,0.0009414885775186121
0.002250358974561095,0.0009414885775186121
0.0013164373580366374,0.0009414885775186121
0.0011104628443717956,0.0009414885775186121
0.001335356174968183,0.0009414885775186121
0.0013607672415673732,0.0009414885775186121
0.001389920199289918,0.0009414885775186121
0.001914953941013664,0.0009414885775186121
0.00186620291788131,0.0009414885775186121
0.002132118330337107,0.0009414885775186121
0.0019572327146306634,0.0009414885775186121
0.0016629074467346071,0.0009414885775186121
0.0016863568685948848,0.0009414885775186121
0.0016666409792378545,0.0009414885775186121
0.001002002408495173,0.0009414885775186121
0.0015130610554479063,0.0009414885775186121
0.0011131631617899984,0.0009414885775186121
0.0011713650543242692,0.0009414885775186121
0.0008839262882247567,0.0009414885775186121
0.0009374606190249324,0.0009414885775186121
0.0010881213005632163,0.0009414885775186121
0.0013735278509557248,0.0009414885775186121
0.001506534276995808,0.0009414885775186121
0.002010272117331624,0.0009414885775186121
0.002360269380733371,0.0009414885775186121
0.0018906167009845377,0.0009414885775186121
0.0014156735967844724,0.0009414885775186121
0.0012273038737475872,0.0009414885775186121
0.0010271315113641322,0.0009414885775186121
0.0012901495327241718,0.0009414885775186121
0.0013104979530908166,0.0009414885775186121
0.0012077297898940742,0.0009414885775186121
0.001045699859969318,0.0009414885775186121
0.0010787533828988671,0.0009414885775186121
0.0011440449277870357,0.0009414885775186121
0.0009932521497830749,0.0009414885775186121
0.0009132696315646172,0.0009414885775186121
0.0012135212775319815,0.0009414885775186121
0.0012655770755372942,0.0009414885775186121
0.001013405784033239,0.0009414885775186121
0.000923098623752594,0.0009414885775186121
0.0008167834195774049,0.0009414885775186121
0.0011826931964606046,0.0009414885775186121
0.0019058103673160077,0.0009414885775186121
0.0014181429520249366,0.0009414885775186121
0.001245900650974363,0.0009414885775186121
0.0013336934382095933,0.0009414885775186121
0.0011876597651280462,0.0009414885775186121
0.0011130554601550102,0.0009414885775186121
0.001265983935445547,0.0009414885775186121
0.0011666145292110741,0.0009414885775186121
0.0010893190861679613,0.0009414885775186121
0.0010234137414954602,0.0009414885775186121
0.000832337437896058,0.0009414885775186121
0.0014478831319138408,0.0009414885775186121
0.0020398190361447634,0.0009414885775186121
0.003078330331481993,0.0009414885775186121
0.001755371014587581,0.0009414885775186121
0.0014419919811189176,0.0009414885775186121
0.001295883988495916,0.0009414885775186121
0.0007764462614431977,0.0009414885775186121
0.0008154216804541648,0.0009414885775186121
0.0009671696345321835,0.0009414885775186121
0.001205681823194027,0.0009414885775186121
0.0011505204252898692,0.0009414885775186121
0.0012340008281171322,0.0009414885775186121
0.0014066998497582971,0.0009414885775186121
0.001568189705722034,0.0009414885775186121
0.0009690784150734544,0.0009414885775186121
0.0010612372192554177,0.0009414885775186121
0.0013928548200055958,0.0009414885775186121
0.0017102626501582564,0.0009414885775186121
0.0020804655039682986,0.0009414885775186121
0.0018185300868935883,0.0009414885775186121
0.002425977843813598,0.0009414885775186121
0.0020259852521121503,0.0009414885775186121
0.001942829671315849,0.0009414885775186121
0.0026457694591954352,0.0009414885775186121
0.0012541955336928367,0.0009414885775186121
0.0012094228761270643,0.0009414885775186121
0.0013323612278327347,0.0009414885775186121
0.0006645694025792182,0.0009414885775186121
0.0008282336872071028,0.0009414885775186121
0.0009503319743089378,0.0009414885775186121
0.0013095270027406515,0.0009414885775186121
0.0012414698489010335,0.0009414885775186121
0.0008857125358190387,0.0009414885775186121
0.0007532300194725394,0.0009414885775186121
0.0010191561654210092,0.0009414885775186121
0.0010966026573441922,0.0009414885775186121
0.0010672850359696895,0.0009414885775186121
0.0007606138940900564,0.0009414885775186121
0.00105654172366485,0.0009414885775186121
0.0011111844214610755,0.0009414885775186121
0.0016491274116560816,0.0009414885775186121
0.0015873359399847687,0.0009414885775186121
0.001686257461551577,0.0009414885775186121
0.0012442604871466755,0.0009414885775186121
0.0012055866303853691,0.0009414885775186121
0.0013412374770268797,0.0009414885775186121
0.0011164159222971648,0.0009414885775186121
0.0012423466541804373,0.0009414885775186121
0.001957526570186019,0.0009414885775186121
0.0016289668856188655,0.0009414885775186121
0.0010328035335987807,0.0009414885775186121
0.0007372012129053474,0.0009414885775186121
0.0014252550899982452,0.0009414885775186121
0.001143020950257778,0.0009414885775186121
0.0011406474863179029,0.0009414885775186121
0.0011865728767588735,0.0009414885775186121
0.0010947831440716981,0.0009414885775186121
0.0011082989280112089,0.0009414885775186121
0.0008384253247641027,0.0009414885775186121
0.002635524165816605,0.0009414885775186121
0.0023855260107666252,0.0009414885775186121
0.002911687025334686,0.0009414885775186121
0.0015677156625315547,0.0009414885775186121
0.0011081155156716705,0.0009414885775186121
0.001704821817111224,0.0009414885775186121
0.0015122237149626017,0.0009414885775186121
0.002242228831164539,0.0009414885775186121
0.0023739903466776014,0.0009414885775186121
0.0019146756618283688,0.0009414885775186121
0.001399836887139827,0.0009414885775186121
0.0007308106578420848,0.0009414885775186121
0.0008058742678258568,0.0009414885775186121
0.0010544218239374459,0.0009414885775186121
0.001268219924531877,0.0009414885775186121
0.001013166457414627,0.0009414885775186121
0.0014978084713220597,0.0009414885775186121
0.0018795827054418623,0.0009414885775186121
0.0012625064002349973,0.0009414885775186121
0.0014160742051899434,0.0009414885775186121
0.0026101919589564203,0.0009414885775186121
0.0019118595169857143,0.0009414885775186121
0.0016191189642995596,0.0009414885775186121
0.0018502898048609496,0.0009414885775186121
0.001605336181819439,0.0009414885775186121
0.001698768325150013,0.0009414885775186121
0.002784035122022033,0.0009414885775186121
0.0014623635215684772,0.0009414885775186121
0.0011772697675041855,0.0009414885775186121
0.0024309686617925764,0.0009414885775186121
0.001824700040742755,0.0009414885775186121
0.0012920237146317958,0.0009414885775186121
0.0012040812987834215,0.0009414885775186121
0.0015636467607691884,0.0009414885775186121
0.0016305738361552357,0.0009414885775186121
0.0015978497336618601,0.0009414885775186121
0.002270432864315808,0.0009414885775186121
0.001494531356729567,0.0009414885775186121
0.0012583564850501717,0.0009414885775186121
0.0009891904890537262,0.0009414885775186121
0.00099719314603135,0.0009414885775186121
0.001206080021802336,0.0009414885775186121
0.0009412027895450592,0.0009414885775186121
0.00096781823085621,0.0009414885775186121
0.0016746976994909345,0.0009414885775186121
0.0017350352602079511,0.0009414885775186121
0.0012640943168662488,0.0009414885775186121
0.0016806840430945158,0.0009414885775186121
0.0024985504802316426,0.0009414885775186121
0.001820159633643925,0.0009414885775186121
0.0015166136668995022,0.0009414885775186121
0.0017669580294750631,0.0009414885775186121
0.0022907173726707695,0.0009414885775186121
0.0022449277341365812,0.0009414885775186121
0.002165845246054232,0.0009414885775186121
0.002022048132494092,0.0009414885775186121
0.0025390991708263756,0.0009414885775186121
0.0021601193817332386,0.0009414885775186121
0.0014577138237655163,0.0009414885775186121
0.0010809863568283617,0.0009414885775186121
0.0011090292478911578,0.0009414885775186121
0.00151126638520509,0.0009414885775186121
0.0022469738498330115,0.0009414885775186121
0.00199089536909014,0.0009414885775186121
0.00151875865412876,0.0009414885775186121
0.002189868362620473,0.0009414885775186121
0.0016196029959246517,0.0009414885775186121
0.001656886050477624,0.0009414885775186121
0.0029068547068163753,0.0009414885775186121
0.0025118551217019557,0.0009414885775186121
0.0018431270960718392,0.0009414885775186121
0.0009314966155216098,0.0009414885775186121
0.0012049154727719724,0.0009414885775186121
0.0015652993111871182,0.0009414885775186121
0.0015344468876719475,0.0009414885775186121
0.0018503892817534507,0.0009414885775186121
0.0015029632486402988,0.0009414885775186121
0.0011814626748673617,0.0009414885775186121
0.0010165144689381123,0.0009414885775186121
0.0009373513981699944,0.0009414885775186121
0.0009086011676117777,0.0009414885775186121
0.0010878101107664405,0.0009414885775186121
0.0011115258210338652,0.0009414885775186121
0.0009955309447832405,0.0009414885775186121
0.0008527586003765463,0.0009414885775186121
0.0007370632258243859,0.0009414885775186121
0.0006981809274293482,0.0009414885775186121
0.0009125967742875218,0.0009414885775186121
0.0014529146486893297,0.0009414885775186121
0.0016007261699996888,0.0009414885775186121
0.0015206944081000984,0.0009414885775186121
0.001246745022945106,0.0009414885775186121
0.00081515668425709,0.0009414885775186121
0.0012724989210255444,0.0009414885775186121
0.0013241951586678625,0.0009414885775186121
0.0012493416899815202,0.0009414885775186121
0.001143663050606847,0.0009414885775186121
0.0009791953139938413,0.0009414885775186121
0.0012423016247339546,0.0009414885775186121
0.001169315492734313,0.0009414885775186121
0.00083351832581684,0.0009414885775186121
0.0013289067195728422,0.0009414885775186121
0.0019009801791980863,0.0009414885775186121
0.0024650524370372295,0.0009414885775186121
0.0020819548983126877,0.0009414885775186121
0.0017548789037391543,0.0009414885775186121
0.0016393914935179054,0.0009414885775186121
0.0024165781680494545,0.0009414885775186121
0.0017476169858127832,0.0009414885775186121
0.001290226634591818,0.0009414885775186121
0.0008257020963355899,0.0009414885775186121
0.0009597951429896057,0.0009414885775186121
0.0010880947578698398,0.0009414885775186121
0.00139180509140715,0.0009414885775186121
0.0013199621927924455,0.0009414885775186121
0.001272153842728585,0.0009414885775186121
0.0014093053760007024,0.0009414885775186121
0.0010916007100604474,0.0009414885775186121
0.001255936035886407,0.0009414885775186121
0.0005820519581902772,0.0009414885775186121
0.000753661710768938,0.0009414885775186121
0.0011150576174259186,0.0009414885775186121
0.0012298013898544014,0.0009414885775186121
0.0012311506317928434,0.0009414885775186121
0.0012631365680135787,0.0009414885775186121
0.0011209567193873227,0.0009414885775186121
0.0011469543678686023,0.0009414885775186121
0.0009554688702337443,0.0009414885775186121
0.0012033957405947148,0.0009414885775186121
0.0013262114662211388,0.0009414885775186121
0.0015841512475162744,0.0009414885775186121
0.0013412159634754062,0.0009414885775186121
0.0024291114415973423,0.0009414885775186121
0.0027529333485290406,0.0009414885775186121
0.003143707662820816,0.0009414885775186121
0.0026814619079232214,0.0009414885775186121
0.0020744858775287867,0.0009414885775186121
0.0025372022413648666,0.0009414885775186121
0.002025841875001788,0.0009414885775186121
0.0013731708284467458,0.0009414885775186121
0.0009844748885370791,0.0009414885775186121
0.0007425055955536664,0.0009414885775186121
0.0008764079655520618,0.0009414885775186121
0.0007762440538499505,0.0009414885775186121
0.0013982281205244362,0.0009414885775186121
0.0014782530721276998,0.0009414885775186121
0.0013562526903115213,0.0009414885775186121
0.0010639725602231919,0.0009414885775186121
0.0009404801530763507,0.0009414885775186121
0.0011083144112490118,0.0009414885775186121
0.0011758237378671765,0.0009414885775186121
0.000788184639532119,0.0009414885775186121
0.0012519787182100118,0.0009414885775186121
0.0012485768063925206,0.0009414885775186121
0.000730614218628034,0.0009414885775186121
0.000581733911531046,0.0009414885775186121
0.0007641532691195607,0.0009414885775186121
0.0009982825838960707,0.0009414885775186121
0.0009537462261505425,0.0009414885775186121
0.0012291481951251626,0.0009414885775186121
0.001182102260645479,0.0009414885775186121
0.0009764732094481587,0.0009414885775186121
0.0008315088460221886,0.0009414885775186121
0.0007969138445332646,0.0009414885775186121
0.0008777688373811543,0.0009414885775186121
0.0008440631907433271,0.0009414885775186121
0.0010982897481881082,0.0009414885775186121
0.0009035222814418375,0.0009414885775186121
0.0009380704839713871,0.0009414885775186121
0.0010009509627707303,0.0009414885775186121
0.0009716778411529958,0.0009414885775186121
0.0009291940135881305,0.0009414885775186121
0.0011484338552691042,0.0009414885775186121
0.0018720432184636594,0.0009414885775186121
0.0014212209032848477,0.0009414885775186121
0.0016869843006134034,0.0009414885775186121
0.0017835351405665278,0.0009414885775186121
0.001989277987740934,0.0009414885775186121
0.002379238710273057,0.0009414885775186121
0.0015390825225040316,0.0009414885775186121
0.0013596376404166222,0.0009414885775186121
0.0014898383873514832,0.0009414885775186121
0.0015541892498731613,0.0009414885775186121
0.001613864884711802,0.0009414885775186121
0.0020403498550876976,0.0009414885775186121
0.001731746713630855,0.0009414885775186121
0.002070660935714841,0.0009414885775186121
0.001437777664978057,0.0009414885775186121
0.0015163787524215878,0.0009414885775186121
0.002552995888981968,0.0009414885775186121
0.002550012106075883,0.0009414885775186121
0.0018923911498859524,0.0009414885775186121
0.0017182638170197607,0.0009414885775186121
0.002069296350236982,0.0009414885775186121
0.0009358800365589559,0.0009414885775186121
0.0009100863593630492,0.0009414885775186121
0.0011371587053872645,0.0009414885775186121
0.0014983042899984866,0.0009414885775186121
0.001688793662469834,0.0009414885775186121
0.0014592226129025222,0.0009414885775186121
0.0016074555926024914,0.0009414885775186121
0.0018163092550821601,0.0009414885775186121
0.0017715644440613686,0.0009414885775186121
0.0017848031362518667,0.0009414885775186121
0.0012806167476810514,0.0009414885775186121
0.0013163238880224525,0.0009414885775186121
0.001185703056398779,0.0009414885775186121
0.0012278973823413252,0.0009414885775186121
0.0012575309141539038,0.0009414885775186121
0.0010685233050026,0.0009414885775186121
0.0009244105312973261,0.0009414885775186121
0.000616727420128882,0.0009414885775186121
0.0007561413280200213,0.0009414885775186121
0.0006989080691710114,0.0009414885775186121
0.000730260880663991,0.0009414885775186121
0.000630019698292017,0.0009414885775186121
0.0009434647741727531,0.0009414885775186121
0.0008469720429275185,0.0009414885775186121
0.0014150752453133465,0.0009414885775186121
0.0018772579962387681,0.0009414885775186121
0.0018090553116053344,0.0009414885775186121
0.0013742550392635167,0.0009414885775186121
0.0009259684826247394,0.0009414885775186121
0.0011005943117197603,0.0009414885775186121
0.001109909371007234,0.0009414885775186121
0.0008125856285914779,0.0009414885775186121
0.000977345008868724,0.0009414885775186121
0.0010149833164177836,0.0009414885775186121
0.0008748830179683865,0.0009414885775186121
0.0013309827772900462,0.0009414885775186121
0.001531221903860569,0.0009414885775186121
0.0016594554530456663,0.0009414885775186121
0.0013091221801005304,0.0009414885775186121
0.0010127456160262227,0.0009414885775186121
0.0005505674111191183,0.0009414885775186121
0.0005874895316082985,0.0009414885775186121
0.0006651490402873605,0.0009414885775186121
0.000868417730089277,0.0009414885775186121
0.0007968504098244012,0.0009414885775186121
0.0007228998932987451,0.0009414885775186121
0.0007467172225005924,0.0009414885775186121
0.0006146698491647839,0.0009414885775186121
0.0009071056731045247,0.0009414885775186121
0.0012129888753406703,0.0009414885775186121
0.0010551017709076404,0.0009414885775186121
0.0010315806604921818,0.0009414885775186121
0.0009436463937163353,0.0009414885775186121
0.0008097631798591465,0.0009414885775186121
0.0008994804346002638,0.0009414885775186121
0.0009899763739667834,0.0009414885775186121
0.0008547676028683781,0.0009414885775186121
0.000869955774396658,0.0009414885775186121
0.0013169296202249826,0.0009414885775186121
0.002187439857516438,0.0009414885775186121
0.001359942345879972,0.0009414885775186121
0.0011125623947009443,0.0009414885775186121
0.0007517209043726325,0.0009414885775186121
0.0012168050394393503,0.0009414885775186121
0.002046532928943634,0.0009414885775186121
0.002121008129324764,0.0009414885775186121
0.00161247473442927,0.0009414885775186121
0.0013673130189999938,0.0009414885775186121
0.0013934790156781673,0.0009414885775186121
0.0021382867824286224,0.0009414885775186121
0.0020742341061122716,0.0009414885775186121
0.0017689933069050313,0.0009414885775186121
0.0015494075370952487,0.0009414885775186121
0.0010954588651657104,0.0009414885775186121
0.0012411962787155062,0.0009414885775186121
0.0010411468625534325,0.0009414885775186121
0.0011527927359566092,0.0009414885775186121
0.0008966014836914837,0.0009414885775186121
0.0009761640918441117,0.0009414885775186121
0.0008359839092008769,0.0009414885775186121
0.001002536085434258,0.0009414885775186121
0.0007902599871158599,0.0009414885775186121
0.0012467799824662507,0.0009414885775186121
0.001784111198503524,0.0009414885775186121
0.0016216325107961892,0.0009414885775186121
0.0010937922401353718,0.0009414885775186121
0.000828852190170437,0.0009414885775186121
0.0007874927832745016,0.0009414885775186121
0.0008456859737634659,0.0009414885775186121
0.0010055675404146314,0.0009414885775186121
0.0011846205685287713,0.0009414885775186121
0.001132190867792815,0.0009414885775186121
0.001235649548470974,0.0009414885775186121
0.0011734389117918909,0.0009414885775186121
0.0012635458377189934,0.0009414885775186121
0.0017249572789296507,0.0009414885775186121
0.0012456318712793291,0.0009414885775186121
0.0013470530393533409,0.0009414885775186121
0.0012622694950550795,0.0009414885775186121
0.0007216199999675154,0.0009414885775186121
0.0007534530013799667,0.0009414885775186121
0.0009699948481284082,0.0009414885775186121
0.0008568488992750645,0.0009414885775186121
0.0008391204406507313,0.0009414885775186121
0.0009131958009675145,0.0009414885775186121
0.0008008203119970858,0.0009414885775186121
0.0007328728795982897,0.0009414885775186121
0.0010175767005421222,0.0009414885775186121
0.0008434295072220266,0.0009414885775186121
0.00094569280045107,0.0009414885775186121
0.0012381877982988953,0.0009414885775186121
0.0011529792798683047,0.0009414885775186121
0.001070018857717514,0.0009414885775186121
0.000980084657203406,0.0009414885775186121
0.0008593748498242348,0.0009414885775186121
0.0007999370107427239,0.0009414885775186121
0.0006920148385688663,0.0009414885775186121
0.0008915325161069632,0.0009414885775186121
0.0010043393587693572,0.0009414885775186121
0.0012682551052421332,0.0009414885775186121
0.0020406241994351147,0.0009414885775186121
0.0026737058185972275,0.0009414885775186121
0.0028597916010767222,0.0009414885775186121
0.0022291983012109997,0.0009414885775186121
0.002355623838957399,0.0009414885775186121
0.0020188100112136453,0.0009414885775186121
0.0024475845973938705,0.0009414885775186121
0.002198274293914437,0.0009414885775186121
0.0015027256915345788,0.0009414885775186121
0.0016458303784020246,0.0009414885775186121
0.0013750300742685795,0.0009414885775186121
0.0015779340756125748,0.0009414885775186121
0.0013527441653423012,0.0009414885775186121
0.0012341456720605492,0.0009414885775186121
0.0010064221336506308,0.0009414885775186121
0.0007090583676472306,0.0009414885775186121
0.0007427286880556494,0.0009414885775186121
0.0013767198077403009,0.0009414885775186121
0.0013827518443576992,0.0009414885775186121
0.0010418112389743329,0.0009414885775186121
0.0008214641537051647,0.0009414885775186121
0.0007133540115319192,0.0009414885775186121
0.000933065905701369,0.0009414885775186121
0.0014022923191078008,0.0009414885775186121
0.0011083978693932294,0.0009414885775186121
0.0007960302755236626,0.0009414885775186121
0.0007373778149485588,0.0009414885775186121
0.0008382000611163676,0.0009414885775186121
0.0010142906685359776,0.0009414885775186121
0.0007927508442662657,0.0009414885775186121
0.0009831534815020859,0.0009414885775186121
0.0011635972303338348,0.0009414885775186121
0.0013348354957997798,0.0009414885775186121
0.0016596274450421332,0.0009414885775186121
0.0010729498113505541,0.0009414885775186121
0.0014706130255945026,0.0009414885775186121
0.0013736305991187692,0.0009414885775186121
0.001718147483188659,0.0009414885775186121
0.0011685148463584482,0.0009414885775186121
0.0007294399896636605,0.0009414885775186121
0.0008315665065310896,0.0009414885775186121
0.0006075907091144473,0.0009414885775186121
0.0005176203441806138,0.0009414885775186121
0.0007869180524721741,0.0009414885775186121
0.0009240990621037781,0.0009414885775186121
0.000895907764788717,0.0009414885775186121
0.000771403539692983,0.0009414885775186121
0.0009636397124268114,0.0009414885775186121
0.0007035967661067844,0.0009414885775186121
0.000959958677412942,0.0009414885775186121
0.001197196589782834,0.0009414885775186121
0.0014789544977247715,0.0009414885775186121
0.0010473518283106386,0.0009414885775186121
0.0009149559191428125,0.0009414885775186121
0.0008251773891970515,0.0009414885775186121
0.0009053530287928879,0.0009414885775186121
0.0006649432645644993,0.0009414885775186121
0.0006769895087927579,0.0009414885775186121
0.0006451577530242503,0.0009414885775186121
0.0008196616545319557,0.0009414885775186121
0.0007992758939508349,0.0009414885775186121
0.0013282146770507096,0.0009414885775186121
0.0014520997880026697,0.0009414885775186121
0.0013322388171218336,0.0009414885775186121
0.001495561737101525,0.0009414885775186121
0.001564799388870597,0.0009414885775186121
0.0008632885059341788,0.0009414885775186121
0.0007995399297215045,0.0009414885775186121
0.0010051751509308816,0.0009414885775186121
0.0008422492479439825,0.0009414885775186121
0.0008768940926529468,0.0009414885775186121
0.0008349944837391376,0.0009414885775186121
0.0006816812325268984,0.0009414885775186121
0.0008228687685914338,0.0009414885775186121
0.000814775686012581,0.0009414885775186121
0.0005993789760395885,0.0009414885775186121
0.0006193019507918507,0.0009414885775186121
0.000647910637781024,0.0009414885775186121
0.0007929086219519377,0.0009414885775186121
0.0007374884735327214,0.0009414885775186121
0.0010724008257966488,0.0009414885775186121
0.0011003953404724598,0.0009414885775186121
0.0009457544423639774,0.0009414885775186121
0.001107241865247488,0.0009414885775186121
0.0008593713166192174,0.0009414885775186121
0.0006272477214224637,0.0009414885775186121
0.0006454516958910971,0.0009414885775186121
0.0008837454952299595,0.0009414885775186121
0.0009347340557724238,0.0009414885775186121
0.001244433654937893,0.0009414885775186121
0.0014848012826405466,0.0009414885775186121
0.0014915098203346134,0.0009414885775186121
0.0012607372947968543,0.0009414885775186121
0.0014942063833586871,0.0009414885775186121
0.0012305475655011832,0.0009414885775186121
0.0009810768242459744,0.0009414885775186121
0.0014305996824987232,0.0009414885775186121
0.0010952396201901137,0.0009414885775186121
0.0006433239323087037,0.0009414885775186121
0.0005472115008160472,0.0009414885775186121
0.0007019901415333152,0.0009414885775186121
0.0008948772447183728,0.0009414885775186121
0.0007554190407972783,0.0009414885775186121
0.0006441144330892711,0.0009414885775186121
0.0007357530295848847,0.0009414885775186121
0.000599295535357669,0.0009414885775186121
0.0007145037408918143,0.0009414885775186121
0.0008737279218621552,0.0009414885775186121
0.0008037281106226147,0.0009414885775186121
0.0008549929014407098,0.0009414885775186121
0.0008874755818396807,0.0009414885775186121
0.0007493484299629927,0.0009414885775186121
0.0009151626378297806,0.0009414885775186121
0.0007177263731136918,0.0009414885775186121
0.0006524122902192176,0.0009414885775186121
0.000790751539170742,0.0009414885775186121
0.0009812154923565686,0.0009414885775186121
0.0008168615866452455,0.0009414885775186121
0.0006859619170427322,0.0009414885775186121
0.0007290451321750879,0.0009414885775186121
0.0007286784006282687,0.0009414885775186121
0.0009202891029417515,0.0009414885775186121
0.0006388197478372603,0.0009414885775186121
0.0008246368553955108,0.0009414885775186121
0.0007027571962680667,0.0009414885775186121
0.0007227450609207153,0.0009414885775186121
0.0005486982525326311,0.0009414885775186121
0.0005201534309890121,0.0009414885775186121
0.0006359436898492277,0.0009414885775186121
0.0009099089307710529,0.0009414885775186121
0.0007932380773127079,0.0009414885775186121
0.000647219002712518,0.0009414885775186121
0.0009176680294331163,0.0009414885775186121
0.0008635594043880701,0.0009414885775186121
0.0006438490992877633,0.0009414885775186121
0.0005028600862715393,0.0009414885775186121
0.0005260156758595258,0.0009414885775186121
0.0005343604309018702,0.0009414885775186121
0.0005670429789461195,0.0009414885775186121
0.0006211108120623976,0.0009414885775186121
0.00048669256502762435,0.0009414885775186121
0.0005975062027573586,0.0009414885775186121
0.0006517988280393183,0.0009414885775186121
0.0005252818576991558,0.0009414885775186121
0.0005571838817559182,0.0009414885775186121
0.0005998603184707463,0.0009414885775186121
0.0004964233725331723,0.0009414885775186121
0.0005302700272295624,0.0009414885775186121
0.0005722722155041993,0.0009414885775186121
0.0007647598395124078,0.0009414885775186121
0.0007083898410201073,0.0009414885775186121
0.0009945318568497896,0.0009414885775186121
0.0010058514773845673,0.0009414885775186121
0.0006236498476937414,0.0009414885775186121
0.0005291647685226053,0.0009414885775186121
0.00048314309096895156,0.0009414885775186121
0.0004493658198043704,0.0009414885775186121
0.00044983160914853216,0.0009414885775186121
0.0004697882453911006,0.0009414885775186121
0.00042510018101893365,0.0009414885775186121
0.0005514056596439332,0.0009414885775186121
0.0004631629562936723,0.0009414885775186121
0.000472592783626169,0.0009414885775186121
0.0007634692185092718,0.0009414885775186121
0.0007532719755545259,0.0009414885775186121
0.0006224299140740186,0.0009414885775186121
0.0008033598191104829,0.0009414885775186121
0.0009455906692892313,0.0009414885775186121
0.0009848516201600432,0.0009414885775186121
0.0013718597183469683,0.0009414885775186121
0.0014253142173402012,0.0009414885775186121
0.0011734771716874093,0.0009414885775186121
0.0016057095024734735,0.0009414885775186121
0.0009420137910638004,0.0009414885775186121
0.0006833056686446071,0.0009414885775186121
0.0006594682345166802,0.0009414885775186121
0.0007805094122886657,0.0009414885775186121
0.000627279921900481,0.0009414885775186121
0.0008021102752536535,0.0009414885775186121
0.0006443520192988217,0.0009414885775186121
0.0008188106585294008,0.0009414885775186121
0.0007489687879569829,0.0009414885775186121
0.0007823819876648485,0.0009414885775186121
0.000655799254309386,0.0009414885775186121
0.0005785708199255168,0.0009414885775186121
0.0005741015309467911,0.0009414885775186121
0.0006982902530580759,0.0009414885775186121
0.0005966433440335095,0.0009414885775186121
0.0008483517449349165,0.0009414885775186121
0.0008284784620627761,0.0009414885775186121
0.0004993153095711022,0.0009414885775186121
0.0007856646785512567,0.0009414885775186121
0.0009428919060155749,0.0009414885775186121
0.0008256303030066192,0.0009414885775186121
0.0007056145870592446,0.0009414885775186121
0.0005705453018890694,0.0009414885775186121
0.0008254909189417958,0.0009414885775186121
0.0006069825671147555,0.0009414885775186121
0.0004577436950057745,0.0009414885775186121
0.000708789168857038,0.0009414885775186121
0.000645331182749942,0.0009414885775186121
0.0007953639258630573,0.0009414885775186121
0.0008099402068182826,0.0009414885775186121
0.0006676365854218602,0.0009414885775186121
0.000598981772782281,0.0009414885775186121
0.0006016058032400906,0.0009414885775186121
0.0014076059102080762,0.0009414885775186121
0.0014356982777826489,0.0009414885775186121
0.0011809765943326055,0.0009414885775186121
0.0011898068827576936,0.0009414885775186121
0.0009316009120084346,0.0009414885775186121
0.0008627486997283996,0.0009414885775186121
0.0007197529077529908,0.0009414885775186121
0.0006596612220164388,0.0009414885775186121
0.0006449903303291649,0.0009414885775186121
0.000507306942017749,0.0009414885775186121
0.0005397972010541708,0.0009414885775186121
0.0005293572845403105,0.0009414885775186121
0.0005392722669057548,0.0009414885775186121
0.0005759723077062518,0.0009414885775186121
0.0007518424070440232,0.0009414885775186121
0.0007734891027212143,0.0009414885775186121
0.0007027235231362283,0.0009414885775186121
0.0008265123120509088,0.0009414885775186121
0.0007449439610354603,0.0009414885775186121
0.0008837656991090625,0.0009414885775186121
0.0007637571077793836,0.0009414885775186121
0.0007822354440577328,0.0009414885775186121
0.0007810429087840021,0.0009414885775186121
0.0007425330928526819,0.0009414885775186121
0.0008264547737780959,0.0009414885775186121
0.0010621389141306282,0.0009414885775186121
0.002191438653972,0.0009414885775186121
0.001945028337650001,0.0009414885775186121
0.001344205508939922,0.0009414885775186121
0.0012071345350705086,0.0009414885775186121
0.0007792075863108039,0.0009414885775186121
0.0006971311056986451,0.0009414885775186121
0.0005135030951350927,0.0009414885775186121
0.0004826476040761918,0.0009414885775186121
0.00038939259829930963,0.0009414885775186121
0.0004376679775305092,0.0009414885775186121
0.0007273983559571206,0.0009414885775186121
0.000986849595210515,0.0009414885775186121
0.0014734632801264524,0.0009414885775186121
0.0010764451813884079,0.0009414885775186121
0.0011212022975087166,0.0009414885775186121
0.0011124001466669142,0.0009414885775186121
0.0008307800278998911,0.0009414885775186121
0.0008897675841581076,0.0009414885775186121
0.0008389607653953135,0.0009414885775186121
0.0009683941607363522,0.0009414885775186121
0.001024489407427609,0.0009414885775186121
0.001475438883062452,0.0009414885775186121
0.0009602859732694924,0.0009414885775186121
0.0011512450291775167,0.0009414885775186121
0.0013373272027820348,0.0009414885775186121
0.0008908356889151037,0.0009414885775186121
0.0008359908824786544,0.0009414885775186121
0.0005969661462586374,0.0009414885775186121
0.0007613553549163044,0.0009414885775186121
0.0006683581159450114,0.0009414885775186121
0.0006401063757948578,0.0009414885775186121
0.0006339450425002724,0.0009414885775186121
0.0006754077970981598,0.0009414885775186121
0.0006174009933602065,0.0009414885775186121
0.0005935986759141087,0.0009414885775186121
0.0005282009369693696,0.0009414885775186121
0.0007470347627531737,0.0009414885775186121
0.001189917209558189,0.0009414885775186121
0.001131482608616352,0.0009414885775186121
0.0009496481041423976,0.0009414885775186121
0.0005661021918058395,0.0009414885775186121
0.0006435052899178117,0.0009414885775186121
0.0007371786050498486,0.0009414885775186121
0.000667022552806884,0.0009414885775186121
0.0007461957866325974,0.0009414885775186121
0.0005799955164548009,0.0009414885775186121
0.0008754548733122646,0.0009414885775186121
0.0008737867348827422,0.0009414885775186121
0.000967289216350764,0.0009414885775186121
0.0007390167796984315,0.0009414885775186121
0.0005814910575281829,0.0009414885775186121
0.0005882442288566381,0.0009414885775186121
0.0006987439817748963,0.0009414885775186121
0.0006024551345035434,0.0009414885775186121
0.0008580355497542769,0.0009414885775186121
0.0009989578160457314,0.0009414885775186121
0.0009018223965540529,0.0009414885775186121
0.0008153521397616714,0.0009414885775186121
0.0006106454646214842,0.0009414885775186121
0.0006298337073531001,0.0009414885775186121
0.0006272066908422858,0.0009414885775186121
0.0008106671448331326,0.0009414885775186121
0.0005351667001377791,0.0009414885775186121
0.000529707211535424,0.0009414885775186121
0.0004929901915602386,0.0009414885775186121
0.0006163040059618651,0.0009414885775186121
0.0006428185617551208,0.0009414885775186121
0.0007344827987253666,0.0009414885775186121
0.0007616652408614754,0.0009414885775186121
0.000691535760415718,0.0009414885775186121
0.0006432032154407352,0.0009414885775186121
0.000716730544809252,0.0009414885775186121
0.0007624550256878137,0.0009414885775186121
0.0006341112952213734,0.0009414885775186121
0.0007358332863077521,0.0009414885775186121
0.0005746575945522637,0.0009414885775186121
0.0007345516351051629,0.0009414885775186121
0.0006259615474846214,0.0009414885775186121
0.0006429932080209255,0.0009414885775186121
0.0007894054579082876,0.0009414885775186121
0.0007100178336258978,0.0009414885775186121
0.0007644597557373345,0.0009414885775186121
0.0004907703667413443,0.0009414885775186121
0.0004711143730673939,0.0009414885775186121
0.0005062691518105567,0.0009414885775186121
0.0004952852847054601,0.0009414885775186121
0.0006467555067501962,0.0009414885775186121
0.0008063515764661133,0.0009414885775186121
0.0009020289871841669,0.0009414885775186121
0.0006622389773838222,0.0009414885775186121
0.0004919773433357477,0.0009414885775186121
0.0007038828101940453,0.0009414885775186121
0.0007731259567663074,0.0009414885775186121
0.0004960288177244365,0.0009414885775186121
0.00040897229337133467,0.0009414885775186121
0.00039304487872868774,0.0009414885775186121
0.00045479315449483695,0.0009414885775186121
0.0004039284365717322,0.0009414885775186121
0.0004372005874756724,0.0009414885775186121
0.000767273164819926,0.0009414885775186121
