train_rl2,test_rl2
1.0084017753601073,0.008266476821154356
1.0001331925392152,0.008266476821154356
0.9901966214179992,0.008266476821154356
0.9759961485862731,0.008266476821154356
0.9582570433616638,0.008266476821154356
0.9344314336776733,0.008266476821154356
0.9027316093444824,0.008266476821154356
0.8712592720985413,0.008266476821154356
0.8518157243728638,0.008266476821154356
0.8497697830200195,0.008266476821154356
0.8394759058952331,0.008266476821154356
0.8296979427337646,0.008266476821154356
0.8221845388412475,0.008266476821154356
0.8106412172317505,0.008266476821154356
0.7967312216758728,0.008266476821154356
0.7807596564292908,0.008266476821154356
0.7614970684051514,0.008266476821154356
0.7407845616340637,0.008266476821154356
0.718847107887268,0.008266476821154356
0.7010426998138428,0.008266476821154356
0.6849299311637879,0.008266476821154356
0.6708764672279358,0.008266476821154356
0.6561038374900818,0.008266476821154356
0.6406441807746888,0.008266476821154356
0.6235296130180359,0.008266476821154356
0.6053490281105042,0.008266476821154356
0.5858651995658875,0.008266476821154356
0.5655645251274108,0.008266476821154356
0.543818187713623,0.008266476821154356
0.5218658685684204,0.008266476821154356
0.5003349959850312,0.008266476821154356
0.47766900062561035,0.008266476821154356
0.454800546169281,0.008266476821154356
0.43201889991760256,0.008266476821154356
0.41024401783943176,0.008266476821154356
0.3889904320240021,0.008266476821154356
0.36848971247673035,0.008266476821154356
0.347353333234787,0.008266476821154356
0.3257667481899261,0.008266476821154356
0.30201343894004823,0.008266476821154356
0.2767035782337189,0.008266476821154356
0.25059414803981783,0.008266476821154356
0.22388402223587037,0.008266476821154356
0.1980673998594284,0.008266476821154356
0.1725868195295334,0.008266476821154356
0.1506287783384323,0.008266476821154356
0.12965077310800552,0.008266476821154356
0.11068875342607498,0.008266476821154356
0.09341815114021301,0.008266476821154356
0.07795257568359375,0.008266476821154356
0.06715104430913925,0.008266476821154356
0.06255109831690789,0.008266476821154356
0.05466969981789589,0.008266476821154356
0.04440534040331841,0.008266476821154356
0.0444595105946064,0.008266476821154356
0.04163466095924377,0.008266476821154356
0.04256642386317253,0.008266476821154356
0.03972654566168785,0.008266476821154356
0.03815554156899452,0.008266476821154356
0.03578875958919525,0.008266476821154356
0.03486833088099957,0.008266476821154356
0.030309516564011575,0.008266476821154356
0.02841430641710758,0.008266476821154356
0.02684960775077343,0.008266476821154356
0.02391578033566475,0.008266476821154356
0.023010864108800887,0.008266476821154356
0.023106428608298302,0.008266476821154356
0.02160993590950966,0.008266476821154356
0.021682548522949218,0.008266476821154356
0.022546743974089622,0.008266476821154356
0.02226790152490139,0.008266476821154356
0.0196183729916811,0.008266476821154356
0.02049446329474449,0.008266476821154356
0.02185228932648897,0.008266476821154356
0.023835579864680767,0.008266476821154356
0.02037761565297842,0.008266476821154356
0.01838857922703028,0.008266476821154356
0.01790889762341976,0.008266476821154356
0.018483985029160977,0.008266476821154356
0.016944084875285627,0.008266476821154356
0.018409407511353493,0.008266476821154356
0.01825880687683821,0.008266476821154356
0.01594486515969038,0.008266476821154356
0.01887148227542639,0.008266476821154356
0.018988798186182976,0.008266476821154356
0.017638984508812426,0.008266476821154356
0.020581356808543207,0.008266476821154356
0.01766299419105053,0.008266476821154356
0.015898223035037518,0.008266476821154356
0.016141902655363083,0.008266476821154356
0.015380590222775936,0.008266476821154356
0.016186269372701644,0.008266476821154356
0.016816314496099948,0.008266476821154356
0.01671385336667299,0.008266476821154356
0.01736142933368683,0.008266476821154356
0.017127650603652,0.008266476821154356
0.014277528785169125,0.008266476821154356
0.014673469960689545,0.008266476821154356
0.015782811678946018,0.008266476821154356
0.015224306844174862,0.008266476821154356
0.015129194967448712,0.008266476821154356
0.01457231305539608,0.008266476821154356
0.015383463352918625,0.008266476821154356
0.015229989774525166,0.008266476821154356
0.014681415259838104,0.008266476821154356
0.01403076108545065,0.008266476821154356
0.013298824988305568,0.008266476821154356
0.013599798642098903,0.008266476821154356
0.012950036488473416,0.008266476821154356
0.012889314070343971,0.008266476821154356
0.012743148207664489,0.008266476821154356
0.013218357227742672,0.008266476821154356
0.01317968051880598,0.008266476821154356
0.013988228142261505,0.008266476821154356
0.014542816765606403,0.008266476821154356
0.01649129930883646,0.008266476821154356
0.015078502520918847,0.008266476821154356
0.013158208504319192,0.008266476821154356
0.014052587002515793,0.008266476821154356
0.016387267410755156,0.008266476821154356
0.016504453495144844,0.008266476821154356
0.01714802924543619,0.008266476821154356
0.014704217202961445,0.008266476821154356
0.013344861380755902,0.008266476821154356
0.013393842801451682,0.008266476821154356
0.013097020424902439,0.008266476821154356
0.012780079618096352,0.008266476821154356
0.012636613473296166,0.008266476821154356
0.013941172510385513,0.008266476821154356
0.016085405088961124,0.008266476821154356
0.022551536932587622,0.008266476821154356
0.023096223920583726,0.008266476821154356
0.023306049406528473,0.008266476821154356
0.020535314828157424,0.008266476821154356
0.022577570378780366,0.008266476821154356
0.021699142456054688,0.008266476821154356
0.022246578335762025,0.008266476821154356
0.01773158721625805,0.008266476821154356
0.021883974224328993,0.008266476821154356
0.017061370052397253,0.008266476821154356
0.01924411840736866,0.008266476821154356
0.020592492632567884,0.008266476821154356
0.016965446621179582,0.008266476821154356
0.020139843225479126,0.008266476821154356
0.014889925345778465,0.008266476821154356
0.014149502851068974,0.008266476821154356
0.014621435850858688,0.008266476821154356
0.01717342548072338,0.008266476821154356
0.02091381009668112,0.008266476821154356
0.015957821533083914,0.008266476821154356
0.017357992008328438,0.008266476821154356
0.0187549302354455,0.008266476821154356
0.01735527962446213,0.008266476821154356
0.019176604226231575,0.008266476821154356
0.016960153728723525,0.008266476821154356
0.017384934425354003,0.008266476821154356
0.018753717839717864,0.008266476821154356
0.01645924225449562,0.008266476821154356
0.015847504138946533,0.008266476821154356
0.016386635787785053,0.008266476821154356
0.01491126324981451,0.008266476821154356
0.018337748385965823,0.008266476821154356
0.018733490258455276,0.008266476821154356
0.015876445919275284,0.008266476821154356
0.018224323354661464,0.008266476821154356
0.016761929728090763,0.008266476821154356
0.01554698757827282,0.008266476821154356
0.017635615728795528,0.008266476821154356
0.017911423370242117,0.008266476821154356
0.014852607436478139,0.008266476821154356
0.013608439639210702,0.008266476821154356
0.012861351668834686,0.008266476821154356
0.013213749788701535,0.008266476821154356
0.014393432065844536,0.008266476821154356
0.013453240506350994,0.008266476821154356
0.012108123674988747,0.008266476821154356
0.011967778019607068,0.008266476821154356
0.011413596943020821,0.008266476821154356
0.011187918484210968,0.008266476821154356
0.01100051961839199,0.008266476821154356
0.011226761899888516,0.008266476821154356
0.013272206485271453,0.008266476821154356
0.01383720189332962,0.008266476821154356
0.013297698087990284,0.008266476821154356
0.013340612314641476,0.008266476821154356
0.013307519629597664,0.008266476821154356
0.013211475685238838,0.008266476821154356
0.01333053931593895,0.008266476821154356
0.013866840116679668,0.008266476821154356
0.015751226246356963,0.008266476821154356
0.015066046267747879,0.008266476821154356
0.013241292536258697,0.008266476821154356
0.013492303714156152,0.008266476821154356
0.014144719950854779,0.008266476821154356
0.01296494696289301,0.008266476821154356
0.011283641494810582,0.008266476821154356
0.012422561459243298,0.008266476821154356
0.015103956125676632,0.008266476821154356
0.014017118513584137,0.008266476821154356
0.011551938205957412,0.008266476821154356
0.01106240414083004,0.008266476821154356
0.011303831450641155,0.008266476821154356
0.011751692183315754,0.008266476821154356
0.011119484156370162,0.008266476821154356
0.011962183378636837,0.008266476821154356
0.01191303376108408,0.008266476821154356
0.011282878182828426,0.008266476821154356
0.010987946577370167,0.008266476821154356
0.011907564848661423,0.008266476821154356
0.01242871694266796,0.008266476821154356
0.01105309259146452,0.008266476821154356
0.010616040043532848,0.008266476821154356
0.01121380478143692,0.008266476821154356
0.011117423698306084,0.008266476821154356
0.012470648251473903,0.008266476821154356
0.010639316029846668,0.008266476821154356
0.010483068041503429,0.008266476821154356
0.01050192378461361,0.008266476821154356
0.010779794678092003,0.008266476821154356
0.012317648716270923,0.008266476821154356
0.011539188586175442,0.008266476821154356
0.01064271666109562,0.008266476821154356
0.010998125933110715,0.008266476821154356
0.010934153199195861,0.008266476821154356
0.010502159036695958,0.008266476821154356
0.01177950631827116,0.008266476821154356
0.011937289312481881,0.008266476821154356
0.012524527125060558,0.008266476821154356
0.011784808523952962,0.008266476821154356
0.01096215695142746,0.008266476821154356
0.012182205356657505,0.008266476821154356
0.011897694505751132,0.008266476821154356
0.011796848103404044,0.008266476821154356
0.011618457362055778,0.008266476821154356
0.01142545286566019,0.008266476821154356
0.011593138799071312,0.008266476821154356
0.011710837110877037,0.008266476821154356
0.013320747390389442,0.008266476821154356
0.013447015173733234,0.008266476821154356
0.013027589954435825,0.008266476821154356
0.012124210968613625,0.008266476821154356
0.010926983319222927,0.008266476821154356
0.011045832559466362,0.008266476821154356
0.01194468904286623,0.008266476821154356
0.010491924919188022,0.008266476821154356
0.010932633280754089,0.008266476821154356
0.011466258205473423,0.008266476821154356
0.010802379623055459,0.008266476821154356
0.011126832105219364,0.008266476821154356
0.01161560844630003,0.008266476821154356
0.01242630761116743,0.008266476821154356
0.01166921090334654,0.008266476821154356
0.013206964917480945,0.008266476821154356
0.01217654813081026,0.008266476821154356
0.012386197783052921,0.008266476821154356
0.013304687850177289,0.008266476821154356
0.01574543248862028,0.008266476821154356
0.014520784839987755,0.008266476821154356
0.013284052908420562,0.008266476821154356
0.012515846826136112,0.008266476821154356
0.013403140194714069,0.008266476821154356
0.017177467793226243,0.008266476821154356
0.01314268633723259,0.008266476821154356
0.012147046066820622,0.008266476821154356
0.014235886372625827,0.008266476821154356
0.014664953015744686,0.008266476821154356
0.013896352797746658,0.008266476821154356
0.014220528304576874,0.008266476821154356
0.014561661705374717,0.008266476821154356
0.015627474896609782,0.008266476821154356
0.013786217384040355,0.008266476821154356
0.012488869950175285,0.008266476821154356
0.011769943870604038,0.008266476821154356
0.011762967519462108,0.008266476821154356
0.012013844773173332,0.008266476821154356
0.01237827017903328,0.008266476821154356
0.012479919008910656,0.008266476821154356
0.015868522785604,0.008266476821154356
0.01683134902268648,0.008266476821154356
0.017817606404423713,0.008266476821154356
0.018054015189409255,0.008266476821154356
0.017230722680687906,0.008266476821154356
0.01860373131930828,0.008266476821154356
0.015238181501626969,0.008266476821154356
0.014955927804112434,0.008266476821154356
0.0184803893789649,0.008266476821154356
0.017719282209873198,0.008266476821154356
0.01502645406872034,0.008266476821154356
0.014780654571950436,0.008266476821154356
0.017959488555788994,0.008266476821154356
0.015764219872653484,0.008266476821154356
0.016436939872801305,0.008266476821154356
0.016493114084005354,0.008266476821154356
0.015376685559749604,0.008266476821154356
0.016960591450333594,0.008266476821154356
0.015493265353143215,0.008266476821154356
0.016849668137729167,0.008266476821154356
0.013756598532199859,0.008266476821154356
0.015103682689368726,0.008266476821154356
0.015608376637101174,0.008266476821154356
0.01286324206739664,0.008266476821154356
0.014174445345997811,0.008266476821154356
0.01402434017509222,0.008266476821154356
0.01446636077016592,0.008266476821154356
0.013111340440809726,0.008266476821154356
0.01372595950961113,0.008266476821154356
0.014880737476050853,0.008266476821154356
0.013464292138814926,0.008266476821154356
0.01234477274119854,0.008266476821154356
0.014109834656119346,0.008266476821154356
0.015040110424160957,0.008266476821154356
0.011271202191710471,0.008266476821154356
0.010635356977581977,0.008266476821154356
0.010776695050299167,0.008266476821154356
0.012961708568036556,0.008266476821154356
0.012117082253098488,0.008266476821154356
0.011061432585120202,0.008266476821154356
0.010267635807394981,0.008266476821154356
0.010124009661376476,0.008266476821154356
0.010102294199168683,0.008266476821154356
0.010284778662025928,0.008266476821154356
0.010149423219263553,0.008266476821154356
0.009884453378617764,0.008266476821154356
0.010011528246104717,0.008266476821154356
0.009907130151987076,0.008266476821154356
0.010165746323764324,0.008266476821154356
0.009805376455187798,0.008266476821154356
0.010306032747030259,0.008266476821154356
0.009925438277423381,0.008266476821154356
0.010013119131326676,0.008266476821154356
0.009992498159408569,0.008266476821154356
0.0100569698959589,0.008266476821154356
0.011046317033469677,0.008266476821154356
0.01148595530539751,0.008266476821154356
0.010093367472290993,0.008266476821154356
0.010482740215957164,0.008266476821154356
0.010718752443790436,0.008266476821154356
0.011045017652213574,0.008266476821154356
0.010904154181480408,0.008266476821154356
0.011311405897140503,0.008266476821154356
0.010669947788119315,0.008266476821154356
0.010167857073247433,0.008266476821154356
0.011236937157809735,0.008266476821154356
0.010143500007688998,0.008266476821154356
0.009607864543795586,0.008266476821154356
0.009891732409596444,0.008266476821154356
0.012038535624742507,0.008266476821154356
0.01055580098181963,0.008266476821154356
0.010756811127066612,0.008266476821154356
0.010809253714978696,0.008266476821154356
0.011616218090057372,0.008266476821154356
0.013351429253816605,0.008266476821154356
0.012580839917063713,0.008266476821154356
0.011233864910900592,0.008266476821154356
0.011499644257128239,0.008266476821154356
0.010860306955873967,0.008266476821154356
0.010131419263780117,0.008266476821154356
0.00967179387807846,0.008266476821154356
0.010393604636192322,0.008266476821154356
0.010341562144458295,0.008266476821154356
0.01179085560142994,0.008266476821154356
0.012109044939279556,0.008266476821154356
0.011022401414811612,0.008266476821154356
0.010715867020189762,0.008266476821154356
0.010500377975404263,0.008266476821154356
0.010212159156799317,0.008266476821154356
0.009654749557375908,0.008266476821154356
0.01058187410235405,0.008266476821154356
0.01151505596935749,0.008266476821154356
0.011728465370833874,0.008266476821154356
0.012967091239988803,0.008266476821154356
0.012205634824931621,0.008266476821154356
0.01169828251004219,0.008266476821154356
0.011120327189564705,0.008266476821154356
0.011451521143317222,0.008266476821154356
0.010113837197422981,0.008266476821154356
0.010255939699709416,0.008266476821154356
0.009830166585743427,0.008266476821154356
0.009769977629184723,0.008266476821154356
0.010149880312383175,0.008266476821154356
0.0122679578140378,0.008266476821154356
0.010447504371404648,0.008266476821154356
0.009911085665225982,0.008266476821154356
0.009695697203278541,0.008266476821154356
0.010250164195895195,0.008266476821154356
0.010981736518442631,0.008266476821154356
0.010657786764204502,0.008266476821154356
0.010608590953052045,0.008266476821154356
0.009751969948410988,0.008266476821154356
0.009804760478436947,0.008266476821154356
0.009887895360589028,0.008266476821154356
0.010858268290758134,0.008266476821154356
0.010864038579165935,0.008266476821154356
0.010000444203615188,0.008266476821154356
0.010081582888960838,0.008266476821154356
0.010168808326125146,0.008266476821154356
0.010012003779411315,0.008266476821154356
0.011345354095101356,0.008266476821154356
0.012452494911849498,0.008266476821154356
0.013518228195607662,0.008266476821154356
0.012528255581855774,0.008266476821154356
0.01039056871086359,0.008266476821154356
0.010373112000524997,0.008266476821154356
0.009425469115376473,0.008266476821154356
0.009600714966654777,0.008266476821154356
0.010132883861660957,0.008266476821154356
0.010329822450876236,0.008266476821154356
0.010476993396878242,0.008266476821154356
0.009892777167260646,0.008266476821154356
0.010133573040366172,0.008266476821154356
0.009501571394503116,0.008266476821154356
0.009812215343117714,0.008266476821154356
0.009695170633494853,0.008266476821154356
0.010130274295806884,0.008266476821154356
0.009963754564523697,0.008266476821154356
0.009526413306593895,0.008266476821154356
0.009537838399410248,0.008266476821154356
0.010205965489149094,0.008266476821154356
0.011531040817499161,0.008266476821154356
0.011324507556855679,0.008266476821154356
0.012558789364993573,0.008266476821154356
0.011176562868058681,0.008266476821154356
0.009891075640916824,0.008266476821154356
0.00982863400131464,0.008266476821154356
0.01054353304207325,0.008266476821154356
0.010869596526026726,0.008266476821154356
0.010123909078538417,0.008266476821154356
0.00977206565439701,0.008266476821154356
0.0101569639518857,0.008266476821154356
0.01038849726319313,0.008266476821154356
0.010311708971858024,0.008266476821154356
0.01042539868503809,0.008266476821154356
0.010204602032899857,0.008266476821154356
0.009776479750871658,0.008266476821154356
0.009882832691073418,0.008266476821154356
0.009464453533291816,0.008266476821154356
0.009875902906060219,0.008266476821154356
0.010984890721738338,0.008266476821154356
0.011021163687109948,0.008266476821154356
0.010241200588643551,0.008266476821154356
0.010503525659441949,0.008266476821154356
0.010107492469251156,0.008266476821154356
0.009497894532978534,0.008266476821154356
0.00980820059776306,0.008266476821154356
0.011616655811667442,0.008266476821154356
0.012456109374761581,0.008266476821154356
0.012272356450557709,0.008266476821154356
0.011974489875137806,0.008266476821154356
0.011008786223828792,0.008266476821154356
0.010499792732298374,0.008266476821154356
0.009830228798091412,0.008266476821154356
0.010515854880213737,0.008266476821154356
0.010297212935984134,0.008266476821154356
0.010319923982024193,0.008266476821154356
0.010057358257472514,0.008266476821154356
0.009912759438157082,0.008266476821154356
0.01024317815899849,0.008266476821154356
0.010062570683658123,0.008266476821154356
0.010149559378623963,0.008266476821154356
0.010420413315296173,0.008266476821154356
0.010331838764250279,0.008266476821154356
0.010093247331678868,0.008266476821154356
0.009588506817817689,0.008266476821154356
0.009613686054944993,0.008266476821154356
0.010006430000066758,0.008266476821154356
0.010356338322162628,0.008266476821154356
0.010487902723252774,0.008266476821154356
0.010028567910194398,0.008266476821154356
0.01012622807174921,0.008266476821154356
0.010907588340342046,0.008266476821154356
0.011201251298189163,0.008266476821154356
0.011172412149608135,0.008266476821154356
0.011652342602610588,0.008266476821154356
0.011001417599618434,0.008266476821154356
0.010552371479570865,0.008266476821154356
0.012247451581060886,0.008266476821154356
0.010587657056748866,0.008266476821154356
0.010474098846316338,0.008266476821154356
0.010416617803275584,0.008266476821154356
0.00985598135739565,0.008266476821154356
0.010163338482379913,0.008266476821154356
0.010164042189717292,0.008266476821154356
0.01032640803605318,0.008266476821154356
0.009993396699428558,0.008266476821154356
0.009974922053515911,0.008266476821154356
0.009670910984277725,0.008266476821154356
0.009647142328321933,0.008266476821154356
0.01058054231107235,0.008266476821154356
0.010489033162593841,0.008266476821154356
0.010892261378467083,0.008266476821154356
0.010343865677714347,0.008266476821154356
0.009612441714853048,0.008266476821154356
0.010286158882081509,0.008266476821154356
0.01053943894803524,0.008266476821154356
0.010478458367288113,0.008266476821154356
0.010186970606446267,0.008266476821154356
0.009228681772947311,0.008266476821154356
0.00928906612098217,0.008266476821154356
0.009559405408799649,0.008266476821154356
0.009587002359330654,0.008266476821154356
0.009365054406225681,0.008266476821154356
0.009173333086073399,0.008266476821154356
0.00988082680851221,0.008266476821154356
0.012391234189271927,0.008266476821154356
0.0111920814961195,0.008266476821154356
0.01082122977823019,0.008266476821154356
0.01135300137102604,0.008266476821154356
0.011753493174910545,0.008266476821154356
0.01138206459581852,0.008266476821154356
0.009395255148410797,0.008266476821154356
0.009640350565314293,0.008266476821154356
0.0091008722782135,0.008266476821154356
0.00944890920072794,0.008266476821154356
0.009472966194152832,0.008266476821154356
0.010239066369831563,0.008266476821154356
0.010012072511017323,0.008266476821154356
0.010777134262025357,0.008266476821154356
0.01134496796876192,0.008266476821154356
0.010661850683391094,0.008266476821154356
0.010779159516096115,0.008266476821154356
0.010121005587279797,0.008266476821154356
0.011031483672559262,0.008266476821154356
0.010373830609023572,0.008266476821154356
0.012598265893757343,0.008266476821154356
0.011702478304505349,0.008266476821154356
0.011779187433421611,0.008266476821154356
0.010872286558151246,0.008266476821154356
0.01068896073848009,0.008266476821154356
0.011408371105790138,0.008266476821154356
0.013425179570913316,0.008266476821154356
0.013319303467869758,0.008266476821154356
0.014844300597906113,0.008266476821154356
0.012348954379558564,0.008266476821154356
0.01586948037147522,0.008266476821154356
0.011863946169614791,0.008266476821154356
0.010170393623411655,0.008266476821154356
0.010729687847197055,0.008266476821154356
0.0127785112708807,0.008266476821154356
0.01500504557043314,0.008266476821154356
0.012484638392925263,0.008266476821154356
0.011789621226489544,0.008266476821154356
0.013718139193952084,0.008266476821154356
0.015073198266327381,0.008266476821154356
0.01110739391297102,0.008266476821154356
0.010500789433717728,0.008266476821154356
0.009891912527382373,0.008266476821154356
0.00924218948930502,0.008266476821154356
0.009778513759374618,0.008266476821154356
0.01072161328047514,0.008266476821154356
0.00991632491350174,0.008266476821154356
0.009836219064891339,0.008266476821154356
0.010054459795355797,0.008266476821154356
0.00921926312148571,0.008266476821154356
0.00910868402570486,0.008266476821154356
0.009825677424669266,0.008266476821154356
0.009565421566367149,0.008266476821154356
0.009606521390378476,0.008266476821154356
0.009892164822667837,0.008266476821154356
0.010071649774909019,0.008266476821154356
0.009455962106585503,0.008266476821154356
0.009624404087662696,0.008266476821154356
0.009277343936264514,0.008266476821154356
0.009185241721570491,0.008266476821154356
0.009315992519259454,0.008266476821154356
0.00925500988960266,0.008266476821154356
0.009472057223320007,0.008266476821154356
0.009144642949104309,0.008266476821154356
0.0099238695576787,0.008266476821154356
0.00968796107918024,0.008266476821154356
0.009524645283818245,0.008266476821154356
0.009805298782885075,0.008266476821154356
0.00939205288887024,0.008266476821154356
0.010108063369989395,0.008266476821154356
0.010661081969738006,0.008266476821154356
0.009820895455777644,0.008266476821154356
0.009999237209558486,0.008266476821154356
0.010101219825446605,0.008266476821154356
0.010456719808280468,0.008266476821154356
0.010785031132400036,0.008266476821154356
0.009938395768404006,0.008266476821154356
0.01013041939586401,0.008266476821154356
0.010280675813555717,0.008266476821154356
0.009769047610461712,0.008266476821154356
0.009808270260691643,0.008266476821154356
0.009107924997806549,0.008266476821154356
0.00893599521368742,0.008266476821154356
0.010346832685172558,0.008266476821154356
0.01049334816634655,0.008266476821154356
0.010262008663266898,0.008266476821154356
0.010586140118539334,0.008266476821154356
0.011188083328306675,0.008266476821154356
0.010030289739370346,0.008266476821154356
0.009329976141452789,0.008266476821154356
0.009821894019842148,0.008266476821154356
0.009848192520439624,0.008266476821154356
0.009224484302103519,0.008266476821154356
0.009096437320113181,0.008266476821154356
0.008788308687508106,0.008266476821154356
0.009442534856498241,0.008266476821154356
0.009274930693209171,0.008266476821154356
0.008898875303566455,0.008266476821154356
0.009762993082404137,0.008266476821154356
0.010263692401349545,0.008266476821154356
0.00978821236640215,0.008266476821154356
0.010844161733984947,0.008266476821154356
0.01005328930914402,0.008266476821154356
0.00930110402405262,0.008266476821154356
0.009858164563775062,0.008266476821154356
0.009569192118942738,0.008266476821154356
0.009300410747528076,0.008266476821154356
0.009410633146762848,0.008266476821154356
0.009326370991766452,0.008266476821154356
0.009197122044861316,0.008266476821154356
0.009709966182708741,0.008266476821154356
0.009692326746881008,0.008266476821154356
0.00996291022747755,0.008266476821154356
0.009363844618201255,0.008266476821154356
0.009394107572734355,0.008266476821154356
0.009307017177343368,0.008266476821154356
0.00999322347342968,0.008266476821154356
0.010033328458666802,0.008266476821154356
0.009912564232945443,0.008266476821154356
0.009571326896548271,0.008266476821154356
0.009427496045827866,0.008266476821154356
0.010696555115282535,0.008266476821154356
0.010663332976400852,0.008266476821154356
0.009848443232476712,0.008266476821154356
0.009821789339184761,0.008266476821154356
0.009023200161755085,0.008266476821154356
0.008911514468491078,0.008266476821154356
0.009005700051784516,0.008266476821154356
0.008958140201866627,0.008266476821154356
0.01036525722593069,0.008266476821154356
0.009714251756668091,0.008266476821154356
0.009125165827572345,0.008266476821154356
0.009725524485111237,0.008266476821154356
0.009728568606078625,0.008266476821154356
0.010245903022587299,0.008266476821154356
0.010356872156262398,0.008266476821154356
0.009401362016797065,0.008266476821154356
0.010112298652529716,0.008266476821154356
0.00960084367543459,0.008266476821154356
0.009375104494392873,0.008266476821154356
0.00935983806848526,0.008266476821154356
0.009643926844000816,0.008266476821154356
0.009517307672649623,0.008266476821154356
0.00952968057245016,0.008266476821154356
0.010475533828139306,0.008266476821154356
0.009238510578870773,0.008266476821154356
0.009036032669246196,0.008266476821154356
0.00878758504986763,0.008266476821154356
0.009985286742448807,0.008266476821154356
0.009800904989242553,0.008266476821154356
0.009161737374961376,0.008266476821154356
0.009125756286084651,0.008266476821154356
0.009032156132161618,0.008266476821154356
0.008798623271286488,0.008266476821154356
0.00891315210610628,0.008266476821154356
0.010192799754440785,0.008266476821154356
0.011804211512207985,0.008266476821154356
0.011036660522222519,0.008266476821154356
0.01094131674617529,0.008266476821154356
0.010439416952431202,0.008266476821154356
0.009853893145918845,0.008266476821154356
0.010081632621586322,0.008266476821154356
0.010854370705783368,0.008266476821154356
0.009344532340764999,0.008266476821154356
0.009654043056070805,0.008266476821154356
0.010593157447874545,0.008266476821154356
0.00993760135024786,0.008266476821154356
0.009999018535017968,0.008266476821154356
0.009023792855441571,0.008266476821154356
0.009272466413676739,0.008266476821154356
0.008858323842287064,0.008266476821154356
0.00891466047614813,0.008266476821154356
0.008694431558251382,0.008266476821154356
0.009525545500218868,0.008266476821154356
0.009833746403455735,0.008266476821154356
0.009906873852014542,0.008266476821154356
0.010238724201917649,0.008266476821154356
0.010351558588445187,0.008266476821154356
0.009860724024474622,0.008266476821154356
0.010139122605323792,0.008266476821154356
0.010284752212464809,0.008266476821154356
0.010569704696536064,0.008266476821154356
0.00966358110308647,0.008266476821154356
0.01012791395187378,0.008266476821154356
0.011654789187014103,0.008266476821154356
0.011421132646501065,0.008266476821154356
0.012138165161013603,0.008266476821154356
0.009535618312656879,0.008266476821154356
0.00942168738692999,0.008266476821154356
0.00987632405012846,0.008266476821154356
0.011028645746409892,0.008266476821154356
0.010928424075245857,0.008266476821154356
0.010316700860857963,0.008266476821154356
0.009365834295749664,0.008266476821154356
0.009023297019302845,0.008266476821154356
0.009091627597808839,0.008266476821154356
0.008732038270682096,0.008266476821154356
0.00914506334811449,0.008266476821154356
0.00928975660353899,0.008266476821154356
0.009301289543509483,0.008266476821154356
0.009489529393613338,0.008266476821154356
0.010119499079883099,0.008266476821154356
0.009935087338089944,0.008266476821154356
0.009551968984305858,0.008266476821154356
0.00979434121400118,0.008266476821154356
0.009243042208254337,0.008266476821154356
0.009198146499693393,0.008266476821154356
0.009151667356491089,0.008266476821154356
0.009132963605225086,0.008266476821154356
0.00951701607555151,0.008266476821154356
0.009292262978851796,0.008266476821154356
0.009495565295219421,0.008266476821154356
0.009446184523403645,0.008266476821154356
0.009072047472000123,0.008266476821154356
0.00948408581316471,0.008266476821154356
0.010616032965481281,0.008266476821154356
0.010201005451381206,0.008266476821154356
0.010397441498935223,0.008266476821154356
0.009495678171515465,0.008266476821154356
0.008504289854317903,0.008266476821154356
0.008601344004273415,0.008266476821154356
0.008760473877191543,0.008266476821154356
0.008793978206813335,0.008266476821154356
0.008808705769479275,0.008266476821154356
0.008726142346858978,0.008266476821154356
0.008792089857161045,0.008266476821154356
0.00924476720392704,0.008266476821154356
0.009872976876795291,0.008266476821154356
0.010535673424601554,0.008266476821154356
0.009249511547386647,0.008266476821154356
0.008809125609695911,0.008266476821154356
0.009134801477193833,0.008266476821154356
0.009346475265920163,0.008266476821154356
0.009204901568591595,0.008266476821154356
0.009028382692486047,0.008266476821154356
0.009195640310645103,0.008266476821154356
0.009660650603473186,0.008266476821154356
0.00928960070014,0.008266476821154356
0.008817880973219871,0.008266476821154356
0.008856826554983854,0.008266476821154356
0.009694005735218525,0.008266476821154356
0.009101767092943192,0.008266476821154356
0.00885047521442175,0.008266476821154356
0.009083273820579052,0.008266476821154356
0.009153068251907825,0.008266476821154356
0.010138195194303989,0.008266476821154356
0.010603999346494674,0.008266476821154356
0.010358268208801747,0.008266476821154356
0.011370322480797768,0.008266476821154356
0.010431579500436782,0.008266476821154356
0.009786083921790123,0.008266476821154356
0.010246182046830653,0.008266476821154356
0.009420791827142238,0.008266476821154356
0.009095383808016777,0.008266476821154356
0.010045289434492588,0.008266476821154356
0.008995725400745868,0.008266476821154356
0.009664880950003863,0.008266476821154356
0.009149223007261753,0.008266476821154356
0.009308471344411373,0.008266476821154356
0.009385117143392564,0.008266476821154356
0.009984689392149448,0.008266476821154356
0.009585019387304782,0.008266476821154356
0.009038758464157581,0.008266476821154356
0.009358441457152367,0.008266476821154356
0.008918067812919617,0.008266476821154356
0.009253720566630364,0.008266476821154356
0.009682369232177735,0.008266476821154356
0.009514683671295644,0.008266476821154356
0.010814724024385214,0.008266476821154356
0.010124128963798284,0.008266476821154356
0.010048026777803898,0.008266476821154356
0.009625899977982045,0.008266476821154356
0.009280282817780972,0.008266476821154356
0.00932793989777565,0.008266476821154356
0.009730718657374382,0.008266476821154356
0.00907827913761139,0.008266476821154356
0.00941073801368475,0.008266476821154356
0.009004620648920537,0.008266476821154356
0.008679117634892463,0.008266476821154356
0.009033224917948246,0.008266476821154356
0.009860515408217908,0.008266476821154356
0.008888159319758416,0.008266476821154356
0.008901992440223694,0.008266476821154356
0.009230768494307994,0.008266476821154356
0.009075830038636924,0.008266476821154356
0.009351507946848869,0.008266476821154356
0.00879762452095747,0.008266476821154356
0.009499481320381165,0.008266476821154356
0.010100974328815937,0.008266476821154356
0.009988867677748203,0.008266476821154356
0.009575092978775502,0.008266476821154356
0.009261108189821243,0.008266476821154356
0.008855614997446536,0.008266476821154356
0.009423312731087208,0.008266476821154356
0.010742514580488204,0.008266476821154356
0.01371019184589386,0.008266476821154356
0.012723064608871936,0.008266476821154356
0.013098920322954654,0.008266476821154356
0.010997076891362667,0.008266476821154356
0.009792172536253928,0.008266476821154356
0.009850685112178325,0.008266476821154356
0.009401859156787396,0.008266476821154356
0.009182537533342838,0.008266476821154356
0.010221675410866738,0.008266476821154356
0.009835349209606648,0.008266476821154356
0.010010406747460366,0.008266476821154356
0.010179784335196018,0.008266476821154356
0.010209688916802406,0.008266476821154356
0.009168438334017991,0.008266476821154356
0.009807254746556282,0.008266476821154356
0.00951919686049223,0.008266476821154356
0.009186497144401073,0.008266476821154356
0.009035448171198368,0.008266476821154356
0.009034672752022743,0.008266476821154356
0.008794506918638945,0.008266476821154356
0.008627766370773315,0.008266476821154356
0.00861768489703536,0.008266476821154356
0.008415997587144375,0.008266476821154356
0.008511179778724908,0.008266476821154356
0.009255996719002724,0.008266476821154356
0.009739559516310692,0.008266476821154356
0.009964639507234096,0.008266476821154356
0.008897891454398631,0.008266476821154356
0.008831813745200635,0.008266476821154356
0.008975568599998951,0.008266476821154356
0.009445101581513881,0.008266476821154356
0.009274597465991973,0.008266476821154356
0.00942644439637661,0.008266476821154356
0.008810788113623857,0.008266476821154356
0.00868547884747386,0.008266476821154356
0.008914271742105484,0.008266476821154356
0.008655615989118815,0.008266476821154356
0.008959153853356838,0.008266476821154356
0.008595144934952259,0.008266476821154356
0.009250163473188877,0.008266476821154356
0.00926206149160862,0.008266476821154356
0.00895539801567793,0.008266476821154356
0.0088534539565444,0.008266476821154356
0.009027853608131409,0.008266476821154356
0.00876839067786932,0.008266476821154356
0.008896317891776561,0.008266476821154356
0.009267066605389118,0.008266476821154356
0.009816325642168522,0.008266476821154356
0.009126633778214455,0.008266476821154356
0.009204043075442314,0.008266476821154356
0.008857625536620617,0.008266476821154356
0.008673813566565514,0.008266476821154356
0.00859000040218234,0.008266476821154356
0.00906954389065504,0.008266476821154356
0.010152237210422754,0.008266476821154356
0.009762845747172833,0.008266476821154356
0.010110332630574703,0.008266476821154356
0.010499892197549343,0.008266476821154356
0.009426956996321678,0.008266476821154356
0.009113441221415997,0.008266476821154356
0.008693645521998406,0.008266476821154356
0.008716008067131043,0.008266476821154356
0.009093666821718216,0.008266476821154356
0.009323721006512641,0.008266476821154356
0.0087922390550375,0.008266476821154356
0.0089112875983119,0.008266476821154356
0.008801236376166343,0.008266476821154356
0.008589717745780944,0.008266476821154356
0.009362484142184258,0.008266476821154356
0.00864139124751091,0.008266476821154356
0.008507860451936721,0.008266476821154356
0.008490097057074309,0.008266476821154356
0.008442881796509028,0.008266476821154356
0.008804005570709705,0.008266476821154356
0.009439853020012379,0.008266476821154356
0.010982737224549056,0.008266476821154356
0.009285311028361321,0.008266476821154356
0.009052719734609128,0.008266476821154356
0.009159968793392181,0.008266476821154356
0.009862919524312019,0.008266476821154356
0.009725523926317692,0.008266476821154356
0.008992677368223668,0.008266476821154356
0.008757991716265678,0.008266476821154356
0.0087751816958189,0.008266476821154356
0.009284541569650173,0.008266476821154356
0.009337774850428105,0.008266476821154356
0.008881006948649883,0.008266476821154356
0.008588324673473835,0.008266476821154356
0.008849118556827306,0.008266476821154356
0.008348267618566751,0.008266476821154356
0.008484370727092027,0.008266476821154356
0.0087777653709054,0.008266476821154356
0.008975120633840561,0.008266476821154356
0.00885630827397108,0.008266476821154356
0.009413335286080838,0.008266476821154356
0.009248562715947628,0.008266476821154356
0.008799743466079235,0.008266476821154356
0.00851752059534192,0.008266476821154356
0.008979008998721838,0.008266476821154356
0.008657538145780564,0.008266476821154356
0.008690632507205009,0.008266476821154356
0.009176330454647542,0.008266476821154356
0.008804817218333483,0.008266476821154356
0.008889669924974442,0.008266476821154356
0.009111550822854041,0.008266476821154356
0.009138176031410695,0.008266476821154356
0.008714318368583917,0.008266476821154356
0.009032660350203513,0.008266476821154356
0.008800537697970868,0.008266476821154356
0.00917954333126545,0.008266476821154356
0.008868619054555892,0.008266476821154356
0.009913954883813858,0.008266476821154356
0.010747888684272766,0.008266476821154356
0.009890139102935791,0.008266476821154356
0.009045053459703922,0.008266476821154356
0.00867611151188612,0.008266476821154356
0.00925935935229063,0.008266476821154356
0.008458290621638298,0.008266476821154356
0.008296881895512342,0.008266476821154356
0.008681232575327158,0.008266476821154356
0.009240355063229799,0.008266476821154356
0.00882799420505762,0.008266476821154356
0.00887911356985569,0.008266476821154356
0.008585050702095032,0.008266476821154356
0.008565603196620942,0.008266476821154356
0.008967835083603859,0.008266476821154356
0.009206673502922058,0.008266476821154356
0.009916310943663121,0.008266476821154356
0.009526843391358852,0.008266476821154356
0.008543785195797682,0.008266476821154356
0.008648789301514626,0.008266476821154356
0.008393690455704927,0.008266476821154356
0.008660044800490142,0.008266476821154356
0.00818519052118063,0.008266476821154356
0.008257071208208799,0.008266476821154356
0.008470322750508786,0.008266476821154356
0.008443504851311446,0.008266476821154356
0.008417558949440717,0.008266476821154356
0.008545301854610443,0.008266476821154356
0.00874333456158638,0.008266476821154356
0.008994952403008937,0.008266476821154356
0.008855826407670974,0.008266476821154356
0.010598434135317802,0.008266476821154356
0.009353787265717983,0.008266476821154356
0.009148919023573399,0.008266476821154356
0.00878856349736452,0.008266476821154356
0.009119270741939545,0.008266476821154356
0.009113755077123642,0.008266476821154356
0.008778526540845632,0.008266476821154356
0.008503451384603978,0.008266476821154356
0.008368110004812478,0.008266476821154356
0.008585526328533887,0.008266476821154356
0.008545391261577606,0.008266476821154356
0.009559217654168606,0.008266476821154356
0.008726370800286532,0.008266476821154356
0.008880195394158363,0.008266476821154356
0.008681262750178576,0.008266476821154356
0.008670398872345686,0.008266476821154356
0.009573866054415703,0.008266476821154356
0.008707579970359803,0.008266476821154356
0.008905181754380464,0.008266476821154356
0.008708173129707574,0.008266476821154356
0.008704331610351801,0.008266476821154356
0.008389543741941452,0.008266476821154356
0.008304766938090324,0.008266476821154356
0.008342902828007936,0.008266476821154356
0.008579110633581877,0.008266476821154356
0.008857661113142967,0.008266476821154356
0.008481819927692414,0.008266476821154356
0.0092741709202528,0.008266476821154356
0.009490755386650562,0.008266476821154356
0.009447479806840419,0.008266476821154356
0.008823428023606538,0.008266476821154356
0.008837696351110935,0.008266476821154356
0.008620512485504151,0.008266476821154356
0.00891930665820837,0.008266476821154356
0.008837957121431827,0.008266476821154356
0.008493930473923684,0.008266476821154356
0.008556807693094016,0.008266476821154356
0.008696629479527474,0.008266476821154356
0.008454800862818957,0.008266476821154356
0.008703244663774968,0.008266476821154356
0.00862654773518443,0.008266476821154356
0.008774985186755657,0.008266476821154356
0.009796246886253357,0.008266476821154356
0.00902704494073987,0.008266476821154356
0.00893015954643488,0.008266476821154356
0.008684544824063778,0.008266476821154356
0.0082038888707757,0.008266476821154356
0.00839320346713066,0.008266476821154356
0.008676942158490419,0.008266476821154356
0.008486487716436387,0.008266476821154356
0.008753135055303573,0.008266476821154356
0.008769038692116737,0.008266476821154356
0.008355198800563813,0.008266476821154356
0.00825062757357955,0.008266476821154356
0.008522570505738259,0.008266476821154356
0.008676510397344827,0.008266476821154356
0.009797963686287403,0.008266476821154356
0.009935811720788479,0.008266476821154356
0.009785205870866776,0.008266476821154356
0.011158572882413864,0.008266476821154356
0.011376799456775189,0.008266476821154356
0.010746199823915958,0.008266476821154356
0.011362940073013306,0.008266476821154356
0.00914335623383522,0.008266476821154356
0.009211710188537836,0.008266476821154356
0.00967908389866352,0.008266476821154356
0.009101908653974533,0.008266476821154356
0.01047157272696495,0.008266476821154356
0.008756879903376102,0.008266476821154356
0.008322104718536139,0.008266476821154356
0.008426231425255537,0.008266476821154356
0.008213152084499598,0.008266476821154356
0.00852376688271761,0.008266476821154356
0.008315444085747003,0.008266476821154356
0.008545371331274509,0.008266476821154356
0.008240715600550175,0.008266476821154356
0.008286901749670506,0.008266476821154356
0.008155746944248676,0.008266476821154356
0.0086765275336802,0.008266476821154356
0.008714643120765687,0.008266476821154356
0.009458855632692576,0.008266476821154356
0.009097867272794246,0.008266476821154356
0.009250040911138058,0.008266476821154356
0.009257016703486443,0.008266476821154356
0.008600095566362143,0.008266476821154356
0.008977293968200684,0.008266476821154356
0.009565526247024536,0.008266476821154356
0.009307073801755905,0.008266476821154356
0.009362026397138835,0.008266476821154356
0.010026643425226212,0.008266476821154356
0.009572807140648365,0.008266476821154356
0.010984188318252564,0.008266476821154356
0.01114506907761097,0.008266476821154356
0.010850722342729569,0.008266476821154356
0.012500057928264141,0.008266476821154356
0.010631216876208782,0.008266476821154356
0.010504736751317977,0.008266476821154356
0.010716823488473892,0.008266476821154356
0.009777201153337956,0.008266476821154356
0.009850684367120267,0.008266476821154356
0.009231352992355824,0.008266476821154356
0.009115345496684312,0.008266476821154356
0.010621116869151593,0.008266476821154356
0.011869052425026894,0.008266476821154356
0.01033889278769493,0.008266476821154356
0.011594412475824356,0.008266476821154356
0.009833753388375045,0.008266476821154356
0.009451969526708126,0.008266476821154356
0.008643356058746577,0.008266476821154356
0.008295612968504429,0.008266476821154356
0.008589331712573766,0.008266476821154356
0.008352607674896716,0.008266476821154356
0.00842366497963667,0.008266476821154356
0.008492740988731384,0.008266476821154356
0.008392607793211937,0.008266476821154356
0.00824645096436143,0.008266476821154356
0.008313337247818709,0.008266476821154356
0.00817164834588766,0.008266476821154356
0.008129363134503364,0.008266476821154356
0.008331352192908526,0.008266476821154356
0.008210876490920782,0.008266476821154356
0.008432814292609692,0.008266476821154356
0.008864895720034838,0.008266476821154356
0.008523196447640657,0.008266476821154356
0.00821027234196663,0.008266476821154356
0.008247346617281437,0.008266476821154356
0.00828742077574134,0.008266476821154356
0.008709307666867972,0.008266476821154356
0.009692013170570135,0.008266476821154356
0.009450605325400829,0.008266476821154356
0.008817283809185028,0.008266476821154356
0.008902223221957684,0.008266476821154356
0.009363397676497697,0.008266476821154356
0.00892416862770915,0.008266476821154356
0.009555254690349102,0.008266476821154356
0.009181647468358279,0.008266476821154356
0.00858955942094326,0.008266476821154356
0.008487107884138822,0.008266476821154356
0.009849085845053196,0.008266476821154356
0.008985015749931335,0.008266476821154356
0.009989907406270504,0.008266476821154356
0.009166687726974487,0.008266476821154356
0.008828017860651016,0.008266476821154356
0.008521369379013776,0.008266476821154356
0.008497305680066347,0.008266476821154356
0.008115750830620527,0.008266476821154356
0.008240068890154361,0.008266476821154356
0.008335894253104926,0.008266476821154356
0.008651658799499274,0.008266476821154356
0.008219050522893668,0.008266476821154356
0.008112188801169396,0.008266476821154356
0.008315835520625115,0.008266476821154356
0.008130194619297981,0.008266476821154356
0.00867568701505661,0.008266476821154356
0.008652853779494762,0.008266476821154356
0.008740919362753629,0.008266476821154356
0.008374148420989514,0.008266476821154356
0.008294368535280228,0.008266476821154356
0.00821274910122156,0.008266476821154356
0.008336389530450105,0.008266476821154356
0.008351294696331025,0.008266476821154356
0.008298125304281711,0.008266476821154356
0.008369204867631198,0.008266476821154356
0.008679406438022851,0.008266476821154356
0.008913150895386935,0.008266476821154356
0.008555538021028042,0.008266476821154356
0.008526721224188804,0.008266476821154356
0.008635054808109999,0.008266476821154356
0.008655410073697568,0.008266476821154356
0.00875870967283845,0.008266476821154356
0.008430935628712177,0.008266476821154356
0.00816312599927187,0.008266476821154356
0.008271776605397463,0.008266476821154356
0.008351852744817733,0.008266476821154356
0.008521529007703066,0.008266476821154356
0.008827036060392857,0.008266476821154356
0.00812455704435706,0.008266476821154356
0.008186960685998201,0.008266476821154356
0.008521434105932712,0.008266476821154356
0.008346767164766788,0.008266476821154356
0.008306843508034945,0.008266476821154356
0.008213439956307411,0.008266476821154356
0.009037836827337742,0.008266476821154356
0.008539783395826816,0.008266476821154356
0.008271202817559243,0.008266476821154356
0.008575697429478168,0.008266476821154356
0.008187585044652224,0.008266476821154356
0.00915705794468522,0.008266476821154356
0.008988654613494873,0.008266476821154356
0.008645450882613658,0.008266476821154356
0.008927792776376009,0.008266476821154356
0.008882260322570801,0.008266476821154356
0.00845427755266428,0.008266476821154356
0.008329417929053307,0.008266476821154356
0.008294259384274482,0.008266476821154356
0.008437205664813518,0.008266476821154356
0.008364079520106316,0.008266476821154356
0.008262194413691758,0.008266476821154356
0.008247456420212984,0.008266476821154356
0.008304272033274173,0.008266476821154356
0.008731428626924753,0.008266476821154356
0.008272592443972826,0.008266476821154356
0.00839830432087183,0.008266476821154356
0.008308146428316832,0.008266476821154356
0.008166334219276905,0.008266476821154356
0.008176531456410886,0.008266476821154356
0.00837963931262493,0.008266476821154356
0.008391573373228312,0.008266476821154356
0.009200859628617764,0.008266476821154356
0.0090887613594532,0.008266476821154356
0.008934197574853897,0.008266476821154356
0.008563928119838238,0.008266476821154356
0.008574069384485484,0.008266476821154356
0.009094241168349981,0.008266476821154356
0.008963212929666042,0.008266476821154356
0.008761093020439148,0.008266476821154356
0.00860029049217701,0.008266476821154356
0.00879596285521984,0.008266476821154356
0.00838007302954793,0.008266476821154356
0.008172042109072209,0.008266476821154356
0.00829151812940836,0.008266476821154356
0.008245150838047267,0.008266476821154356
0.008560292609035968,0.008266476821154356
0.008608837705105543,0.008266476821154356
0.008307752665132284,0.008266476821154356
0.008094027824699878,0.008266476821154356
0.008439668454229832,0.008266476821154356
0.008043966442346572,0.008266476821154356
0.008099580090492964,0.008266476821154356
0.008275968674570321,0.008266476821154356
0.008089106623083353,0.008266476821154356
0.00836489275097847,0.008266476821154356
0.00857269698753953,0.008266476821154356
0.008752532955259084,0.008266476821154356
0.00834891078993678,0.008266476821154356
0.00850081043317914,0.008266476821154356
0.008239706046879292,0.008266476821154356
0.008103836886584758,0.008266476821154356
0.008126783650368452,0.008266476821154356
0.00854711765423417,0.008266476821154356
0.008212193474173545,0.008266476821154356
0.008272324316203594,0.008266476821154356
0.00820321859791875,0.008266476821154356
0.008061180356889963,0.008266476821154356
0.008577775489538909,0.008266476821154356
0.008357411064207555,0.008266476821154356
0.008018835913389921,0.008266476821154356
0.008138066064566374,0.008266476821154356
0.008281155303120614,0.008266476821154356
0.008837094902992249,0.008266476821154356
0.009318577125668526,0.008266476821154356
0.00943959653377533,0.008266476821154356
0.009082054253667593,0.008266476821154356
0.008899926394224166,0.008266476821154356
0.010137311741709709,0.008266476821154356
0.00952418576925993,0.008266476821154356
0.009325598180294038,0.008266476821154356
0.009176449105143546,0.008266476821154356
0.008489646203815936,0.008266476821154356
0.007990529481321573,0.008266476821154356
0.0084828931838274,0.008266476821154356
0.008419560268521309,0.008266476821154356
0.008426371403038502,0.008266476821154356
0.008430434297770262,0.008266476821154356
0.008485658839344979,0.008266476821154356
0.008316626958549022,0.008266476821154356
0.008312304317951203,0.008266476821154356
0.008073733188211918,0.008266476821154356
0.00830114958807826,0.008266476821154356
0.00828769002109766,0.008266476821154356
0.008081597555428744,0.008266476821154356
0.008046718034893274,0.008266476821154356
0.008315799944102763,0.008266476821154356
0.008176136761903763,0.008266476821154356
0.008131695818156004,0.008266476821154356
0.008026476949453354,0.008266476821154356
0.00816979194059968,0.008266476821154356
0.008570568822324275,0.008266476821154356
0.00860598310828209,0.008266476821154356
0.008401114679872989,0.008266476821154356
0.008569746557623149,0.008266476821154356
0.008363250270485878,0.008266476821154356
0.008256694860756397,0.008266476821154356
0.008769138436764478,0.008266476821154356
0.009271646291017533,0.008266476821154356
0.009424548596143723,0.008266476821154356
0.008203996624797583,0.008266476821154356
0.008366061095148324,0.008266476821154356
0.008491016644984483,0.008266476821154356
0.008322343416512012,0.008266476821154356
0.008347892668098211,0.008266476821154356
0.008470290154218674,0.008266476821154356
0.00808304464444518,0.008266476821154356
0.008141383994370699,0.008266476821154356
0.008324008341878653,0.008266476821154356
0.008454196341335773,0.008266476821154356
0.008149902243167162,0.008266476821154356
0.00819537155330181,0.008266476821154356
0.008196180406957864,0.008266476821154356
0.008468255493789911,0.008266476821154356
0.008295220043510198,0.008266476821154356
0.008162871096283197,0.008266476821154356
0.008198975492268801,0.008266476821154356
0.008022893592715264,0.008266476821154356
0.008048511855304242,0.008266476821154356
0.008026568125933409,0.008266476821154356
0.008096459042280912,0.008266476821154356
0.00800396641716361,0.008266476821154356
0.008861960656940938,0.008266476821154356
0.00842323899269104,0.008266476821154356
0.008178518060594797,0.008266476821154356
0.008493801020085812,0.008266476821154356
0.008323944173753262,0.008266476821154356
0.008344338648021222,0.008266476821154356
0.008500512968748809,0.008266476821154356
0.008931411616504192,0.008266476821154356
0.008968190103769303,0.008266476821154356
0.008999194018542767,0.008266476821154356
0.008450561948120595,0.008266476821154356
0.008202956710010766,0.008266476821154356
0.008284192439168692,0.008266476821154356
0.007831273321062326,0.008266476821154356
0.007986987289041281,0.008266476821154356
0.008193659130483866,0.008266476821154356
0.007990236300975085,0.008266476821154356
0.007910655345767736,0.008266476821154356
0.00820877617225051,0.008266476821154356
0.008155899681150913,0.008266476821154356
0.00838362481445074,0.008266476821154356
0.00828854190185666,0.008266476821154356
0.008697880432009697,0.008266476821154356
0.00861851880326867,0.008266476821154356
0.008791149035096169,0.008266476821154356
0.008825508691370488,0.008266476821154356
0.008290090505033732,0.008266476821154356
0.008505834825336933,0.008266476821154356
0.008405957091599702,0.008266476821154356
0.008522698655724525,0.008266476821154356
0.008713464997708798,0.008266476821154356
0.008737276028841733,0.008266476821154356
0.00856464859098196,0.008266476821154356
0.008473090548068284,0.008266476821154356
0.008856716752052306,0.008266476821154356
0.008223575167357921,0.008266476821154356
0.008456648793071508,0.008266476821154356
0.008118512481451035,0.008266476821154356
0.008270250447094441,0.008266476821154356
0.008226964715868234,0.008266476821154356
0.008268281724303961,0.008266476821154356
0.008922048471868038,0.008266476821154356
0.008352244552224875,0.008266476821154356
0.008464130852371455,0.008266476821154356
0.008646436035633087,0.008266476821154356
0.008103490713983775,0.008266476821154356
0.008354173600673675,0.008266476821154356
0.00832704920321703,0.008266476821154356
0.008272703550755978,0.008266476821154356
0.008734600711613893,0.008266476821154356
0.008721195347607135,0.008266476821154356
0.008897243067622185,0.008266476821154356
0.008234704006463289,0.008266476821154356
0.008368364255875348,0.008266476821154356
0.008446744550019503,0.008266476821154356
0.008620819915086031,0.008266476821154356
0.008341252617537976,0.008266476821154356
0.007907653227448463,0.008266476821154356
0.008105214778333902,0.008266476821154356
0.00831571565940976,0.008266476821154356
0.007994282245635986,0.008266476821154356
0.00807783668860793,0.008266476821154356
0.007969633676111698,0.008266476821154356
0.007918876875191928,0.008266476821154356
0.008660314790904521,0.008266476821154356
0.008135539945214987,0.008266476821154356
0.008093588519841433,0.008266476821154356
0.00825414303690195,0.008266476821154356
0.00800868421792984,0.008266476821154356
0.00792513508349657,0.008266476821154356
0.008259412925690412,0.008266476821154356
0.00817389665171504,0.008266476821154356
0.008208025619387627,0.008266476821154356
0.008048012014478445,0.008266476821154356
0.008048370573669672,0.008266476821154356
0.008245476149022579,0.008266476821154356
0.00835381904616952,0.008266476821154356
0.00847297515720129,0.008266476821154356
0.008848899882286787,0.008266476821154356
0.009484874363988639,0.008266476821154356
0.008915582112967968,0.008266476821154356
0.008360780961811542,0.008266476821154356
0.008083231654018164,0.008266476821154356
0.007943706400692464,0.008266476821154356
0.00824697371572256,0.008266476821154356
0.008193588349968195,0.008266476821154356
0.007953286822885274,0.008266476821154356
0.007889167126268148,0.008266476821154356
0.00807076208293438,0.008266476821154356
0.008314252272248268,0.008266476821154356
0.00815550284460187,0.008266476821154356
0.008804294001311063,0.008266476821154356
0.009035768918693066,0.008266476821154356
0.008707420341670514,0.008266476821154356
0.008628268633037806,0.008266476821154356
0.008456158358603716,0.008266476821154356
0.008140072040259839,0.008266476821154356
0.00819439347833395,0.008266476821154356
0.00810956982895732,0.008266476821154356
0.008134962618350982,0.008266476821154356
0.008265045005828142,0.008266476821154356
0.008148690219968557,0.008266476821154356
0.008052944764494896,0.008266476821154356
0.008078916370868683,0.008266476821154356
0.00798392267897725,0.008266476821154356
0.007966866064816714,0.008266476821154356
0.007986575830727816,0.008266476821154356
0.00833809282630682,0.008266476821154356
0.00835345797240734,0.008266476821154356
0.008899727836251259,0.008266476821154356
0.009194821026176215,0.008266476821154356
0.009023779071867466,0.008266476821154356
0.009431424271315336,0.008266476821154356
0.008398446813225746,0.008266476821154356
0.008148541115224362,0.008266476821154356
0.008221195638179779,0.008266476821154356
0.008174788393080234,0.008266476821154356
0.008016456197947264,0.008266476821154356
0.007950950134545564,0.008266476821154356
0.008090163487941027,0.008266476821154356
0.008615014888346196,0.008266476821154356
0.008036746829748153,0.008266476821154356
0.008177689369767904,0.008266476821154356
0.008184768166393042,0.008266476821154356
0.008219424821436404,0.008266476821154356
0.008005196787416935,0.008266476821154356
0.00858441311866045,0.008266476821154356
0.008281834609806537,0.008266476821154356
0.008961336594074965,0.008266476821154356
0.009758466295897961,0.008266476821154356
0.009304947033524514,0.008266476821154356
0.009282526560127735,0.008266476821154356
0.008555071614682674,0.008266476821154356
0.008381138928234578,0.008266476821154356
0.008309405948966741,0.008266476821154356
0.008128169272094966,0.008266476821154356
0.008058875892311334,0.008266476821154356
0.008637758158147334,0.008266476821154356
0.008101195655763149,0.008266476821154356
0.008003798592835665,0.008266476821154356
0.008238496910780668,0.008266476821154356
0.008040548395365476,0.008266476821154356
0.008492087200284004,0.008266476821154356
0.008434498310089111,0.008266476821154356
0.008312461338937283,0.008266476821154356
0.008195825666189194,0.008266476821154356
0.007909700181335211,0.008266476821154356
0.007905147410929203,0.008266476821154356
0.0078899709507823,0.008266476821154356
0.008106028567999602,0.008266476821154356
0.00869181314483285,0.008266476821154356
0.008809564728289842,0.008266476821154356
0.008348263800144196,0.008266476821154356
0.008239560201764107,0.008266476821154356
0.008245877735316754,0.008266476821154356
0.008130774181336165,0.008266476821154356
0.008067658916115761,0.008266476821154356
0.008101944252848626,0.008266476821154356
0.00813141381368041,0.008266476821154356
0.008125471975654363,0.008266476821154356
0.008047991339117289,0.008266476821154356
0.007944256905466318,0.008266476821154356
0.007961724326014519,0.008266476821154356
0.008136682398617267,0.008266476821154356
0.008300946746021508,0.008266476821154356
0.008210337534546853,0.008266476821154356
0.007979648932814599,0.008266476821154356
0.007898608408868312,0.008266476821154356
0.009135781321674585,0.008266476821154356
0.008342455700039863,0.008266476821154356
0.008098825626075268,0.008266476821154356
0.007930950820446014,0.008266476821154356
0.008142508659511804,0.008266476821154356
0.008326908573508263,0.008266476821154356
0.008572493586689234,0.008266476821154356
0.008268050011247396,0.008266476821154356
0.008217696100473404,0.008266476821154356
0.00823530536144972,0.008266476821154356
0.008191218599677086,0.008266476821154356
0.00830655386671424,0.008266476821154356
0.00820135474205017,0.008266476821154356
0.008062726445496082,0.008266476821154356
0.007956236880272628,0.008266476821154356
0.008629917073994875,0.008266476821154356
0.008479056507349014,0.008266476821154356
0.00873816916719079,0.008266476821154356
0.008284823130816221,0.008266476821154356
0.008339283894747496,0.008266476821154356
0.007903791218996047,0.008266476821154356
0.007919432409107686,0.008266476821154356
0.008213221468031407,0.008266476821154356
0.008135190140455962,0.008266476821154356
0.008018979337066412,0.008266476821154356
0.00793360434472561,0.008266476821154356
0.00795801468193531,0.008266476821154356
0.008468093071132898,0.008266476821154356
0.00825262488797307,0.008266476821154356
0.008119386155158281,0.008266476821154356
0.008451847266405821,0.008266476821154356
0.007926613930612803,0.008266476821154356
0.008210164587944746,0.008266476821154356
0.008429455012083054,0.008266476821154356
0.008065700717270374,0.008266476821154356
0.008160032145678998,0.008266476821154356
0.0084529428742826,0.008266476821154356
0.009031727537512779,0.008266476821154356
0.009470837377011775,0.008266476821154356
0.008327847439795732,0.008266476821154356
0.008080447465181351,0.008266476821154356
0.008561061043292285,0.008266476821154356
0.008106597606092692,0.008266476821154356
0.007925273291766644,0.008266476821154356
0.008080403879284858,0.008266476821154356
0.008040200173854827,0.008266476821154356
0.008125992398709059,0.008266476821154356
0.008096188120543957,0.008266476821154356
0.007984785921871662,0.008266476821154356
0.008325843513011933,0.008266476821154356
0.008408281672745942,0.008266476821154356
0.008162048924714328,0.008266476821154356
0.008292518369853497,0.008266476821154356
0.00835519377142191,0.008266476821154356
0.008490573056042195,0.008266476821154356
0.00809454983100295,0.008266476821154356
0.008078997582197189,0.008266476821154356
0.007965816371142864,0.008266476821154356
0.007894955109804869,0.008266476821154356
0.00854496778920293,0.008266476821154356
0.008343740180134774,0.008266476821154356
0.008297751471400262,0.008266476821154356
0.008502061944454908,0.008266476821154356
0.008433234319090844,0.008266476821154356
0.008016314636915923,0.008266476821154356
0.007991969306021928,0.008266476821154356
0.008582562115043402,0.008266476821154356
0.008773224335163832,0.008266476821154356
0.009285374451428652,0.008266476821154356
0.009346013702452183,0.008266476821154356
0.008682390209287405,0.008266476821154356
0.008589578233659268,0.008266476821154356
0.008360180258750915,0.008266476821154356
0.00831640586256981,0.008266476821154356
0.0086707791313529,0.008266476821154356
0.008316888473927975,0.008266476821154356
0.00806300574913621,0.008266476821154356
0.008669592160731553,0.008266476821154356
0.00801882790401578,0.008266476821154356
0.008270167093724013,0.008266476821154356
0.008306307345628738,0.008266476821154356
0.008285242691636085,0.008266476821154356
0.008373633027076721,0.008266476821154356
0.008187616989016534,0.008266476821154356
0.008185906428843736,0.008266476821154356
0.008388033043593169,0.008266476821154356
0.008150302991271018,0.008266476821154356
0.008170081581920386,0.008266476821154356
0.007946704793721438,0.008266476821154356
0.007822618819773197,0.008266476821154356
0.007834101095795631,0.008266476821154356
0.008187926281243563,0.008266476821154356
0.008053824864327907,0.008266476821154356
0.007881129533052445,0.008266476821154356
0.007896103989332914,0.008266476821154356
0.007794206216931343,0.008266476821154356
0.007834357954561711,0.008266476821154356
0.00811582077294588,0.008266476821154356
0.008068981766700744,0.008266476821154356
0.008122244197875262,0.008266476821154356
0.008278389368206263,0.008266476821154356
0.008435258455574513,0.008266476821154356
0.008441670797765255,0.008266476821154356
0.009229043126106262,0.008266476821154356
0.00907671581953764,0.008266476821154356
0.008682310581207275,0.008266476821154356
0.008016526140272618,0.008266476821154356
0.00828544246032834,0.008266476821154356
0.00841506216675043,0.008266476821154356
0.00811443105340004,0.008266476821154356
0.00843910463154316,0.008266476821154356
0.008031175378710032,0.008266476821154356
0.008056853525340557,0.008266476821154356
0.008194791991263628,0.008266476821154356
0.008261380158364773,0.008266476821154356
0.0083272117190063,0.008266476821154356
0.008117673732340337,0.008266476821154356
0.00822033304721117,0.008266476821154356
0.008378270268440246,0.008266476821154356
0.008084746077656746,0.008266476821154356
0.007846664916723967,0.008266476821154356
0.00786259276792407,0.008266476821154356
0.008254762832075357,0.008266476821154356
0.008369784522801637,0.008266476821154356
0.008064499218016863,0.008266476821154356
0.008553141355514526,0.008266476821154356
0.008775145187973976,0.008266476821154356
0.008866068813949824,0.008266476821154356
0.008905055187642574,0.008266476821154356
0.008681585732847451,0.008266476821154356
0.008146646898239851,0.008266476821154356
0.008630465809255838,0.008266476821154356
0.008442610222846269,0.008266476821154356
0.0091087244451046,0.008266476821154356
0.008508546836674213,0.008266476821154356
0.00798983769491315,0.008266476821154356
0.007810010388493538,0.008266476821154356
0.0078022490255534645,0.008266476821154356
0.007857134658843279,0.008266476821154356
0.00798431783914566,0.008266476821154356
0.008101728651672602,0.008266476821154356
0.008086902555078268,0.008266476821154356
0.00801509153097868,0.008266476821154356
0.008216878492385149,0.008266476821154356
0.00817989455536008,0.008266476821154356
0.008273474033921957,0.008266476821154356
0.008096890989691019,0.008266476821154356
0.008107139822095632,0.008266476821154356
0.008128188829869033,0.008266476821154356
0.00801780167967081,0.008266476821154356
0.008154368307441474,0.008266476821154356
0.008631679229438305,0.008266476821154356
0.007813890837132931,0.008266476821154356
0.008049632702022792,0.008266476821154356
0.008115498814731836,0.008266476821154356
0.008014940842986106,0.008266476821154356
0.008049354143440723,0.008266476821154356
0.007827741745859384,0.008266476821154356
0.008017142210155726,0.008266476821154356
0.008018154930323363,0.008266476821154356
0.008126690052449703,0.008266476821154356
0.008251573238521815,0.008266476821154356
0.008799854665994644,0.008266476821154356
0.008190479874610902,0.008266476821154356
0.008342309016734361,0.008266476821154356
0.009213868901133538,0.008266476821154356
0.008742833882570267,0.008266476821154356
0.008631396852433682,0.008266476821154356
0.008423067908734084,0.008266476821154356
0.008213056810200214,0.008266476821154356
0.008122835401445627,0.008266476821154356
0.007807814422994852,0.008266476821154356
0.007902150321751834,0.008266476821154356
0.007900622207671404,0.008266476821154356
0.007936570141464473,0.008266476821154356
0.00793970301747322,0.008266476821154356
0.00817792834714055,0.008266476821154356
0.008635859563946724,0.008266476821154356
0.00854305662214756,0.008266476821154356
0.008699375577270985,0.008266476821154356
0.008404941018670797,0.008266476821154356
0.0084417468868196,0.008266476821154356
0.008548049628734589,0.008266476821154356
0.008112090732902288,0.008266476821154356
0.00793013945221901,0.008266476821154356
0.007979364600032568,0.008266476821154356
0.007895920518785715,0.008266476821154356
0.008032612409442664,0.008266476821154356
0.0080483159981668,0.008266476821154356
0.007810294162482023,0.008266476821154356
0.007922991644591093,0.008266476821154356
0.008048693090677262,0.008266476821154356
0.008267388865351676,0.008266476821154356
0.007837301306426524,0.008266476821154356
0.007993676513433457,0.008266476821154356
0.007798457983881235,0.008266476821154356
0.007716287206858396,0.008266476821154356
0.008036855328828096,0.008266476821154356
0.0077550005167722705,0.008266476821154356
0.00785110453143716,0.008266476821154356
0.007835383713245391,0.008266476821154356
0.007805965933948755,0.008266476821154356
0.008011739328503608,0.008266476821154356
0.008078628033399583,0.008266476821154356
0.008079357724636794,0.008266476821154356
0.00794273717328906,0.008266476821154356
0.007949621137231588,0.008266476821154356
0.00786309139803052,0.008266476821154356
0.00778471864759922,0.008266476821154356
0.007751512248069048,0.008266476821154356
0.00785532733425498,0.008266476821154356
0.007821952551603317,0.008266476821154356
0.007894399017095566,0.008266476821154356
0.00803431598469615,0.008266476821154356
0.007873829547315836,0.008266476821154356
0.007947250362485647,0.008266476821154356
0.007943810150027274,0.008266476821154356
0.00787714421749115,0.008266476821154356
0.007781779766082764,0.008266476821154356
0.007808146625757217,0.008266476821154356
0.008005176857113838,0.008266476821154356
0.00799013301730156,0.008266476821154356
0.007916692644357681,0.008266476821154356
0.00833384394645691,0.008266476821154356
0.008114825747907162,0.008266476821154356
0.00843326337635517,0.008266476821154356
0.008028907794505357,0.008266476821154356
0.00801452174782753,0.008266476821154356
0.008228407893329858,0.008266476821154356
0.007947032246738673,0.008266476821154356
0.00782738858833909,0.008266476821154356
0.007954811677336693,0.008266476821154356
0.007927635498344899,0.008266476821154356
0.00776804918423295,0.008266476821154356
0.007928276341408491,0.008266476821154356
0.0077209630981087685,0.008266476821154356
0.007916187681257725,0.008266476821154356
0.007896874006837607,0.008266476821154356
0.007965696416795254,0.008266476821154356
0.007979641295969486,0.008266476821154356
0.007933897618204355,0.008266476821154356
0.007857512310147285,0.008266476821154356
0.007834544312208891,0.008266476821154356
0.008311950787901878,0.008266476821154356
0.008199889678508043,0.008266476821154356
0.008282109443098307,0.008266476821154356
0.00892921956256032,0.008266476821154356
0.008928863424807787,0.008266476821154356
0.008373473957180976,0.008266476821154356
0.009140354953706265,0.008266476821154356
0.008500895649194717,0.008266476821154356
0.00834094351157546,0.008266476821154356
0.008149990532547235,0.008266476821154356
0.00804151687771082,0.008266476821154356
0.008527138456702232,0.008266476821154356
0.008275381103157998,0.008266476821154356
0.007790473103523254,0.008266476821154356
0.007804470043629408,0.008266476821154356
0.007863064855337143,0.008266476821154356
0.007867451664060355,0.008266476821154356
0.007848033122718335,0.008266476821154356
0.008315358124673367,0.008266476821154356
0.008729610126465559,0.008266476821154356
0.00825843084603548,0.008266476821154356
0.00835320083424449,0.008266476821154356
0.008227971848100424,0.008266476821154356
0.008871188946068287,0.008266476821154356
0.00821923017501831,0.008266476821154356
0.008377548400312662,0.008266476821154356
0.00860461536794901,0.008266476821154356
0.008175944723188878,0.008266476821154356
0.0079597775824368,0.008266476821154356
0.008003514725714922,0.008266476821154356
0.008039644546806812,0.008266476821154356
0.007914729788899422,0.008266476821154356
0.007801111694425345,0.008266476821154356
0.008355146739631891,0.008266476821154356
0.00856309775263071,0.008266476821154356
0.008711400721222163,0.008266476821154356
0.00881174262613058,0.008266476821154356
0.008203507866710424,0.008266476821154356
0.008204300701618195,0.008266476821154356
0.008575505390763283,0.008266476821154356
0.008283690828830004,0.008266476821154356
0.008255954179912806,0.008266476821154356
0.008094530645757913,0.008266476821154356
0.008201203681528569,0.008266476821154356
0.007785023655742407,0.008266476821154356
0.0077907792292535305,0.008266476821154356
0.007744649145752192,0.008266476821154356
0.007941072527319192,0.008266476821154356
0.00801661992445588,0.008266476821154356
0.008300017938017846,0.008266476821154356
0.007884898222982883,0.008266476821154356
0.008164760377258062,0.008266476821154356
0.008255161438137293,0.008266476821154356
0.008759719785302877,0.008266476821154356
0.008406772743910551,0.008266476821154356
0.008497860375791788,0.008266476821154356
0.007928770687431096,0.008266476821154356
0.008690539840608835,0.008266476821154356
0.008311642426997423,0.008266476821154356
0.008421344961971045,0.008266476821154356
0.008210581727325916,0.008266476821154356
0.007898309640586377,0.008266476821154356
0.00775773748755455,0.008266476821154356
0.007832165341824293,0.008266476821154356
0.00802311161532998,0.008266476821154356
0.008308456931263208,0.008266476821154356
0.0080577882938087,0.008266476821154356
0.008042386174201966,0.008266476821154356
0.007939751073718072,0.008266476821154356
0.00796888368204236,0.008266476821154356
0.008190842438489198,0.008266476821154356
0.00787107665091753,0.008266476821154356
0.008149536233395338,0.008266476821154356
0.008792559895664454,0.008266476821154356
0.008376366086304187,0.008266476821154356
0.008090792503207923,0.008266476821154356
0.007875303272157907,0.008266476821154356
0.007901507522910833,0.008266476821154356
0.00798883019015193,0.008266476821154356
0.008071227837353945,0.008266476821154356
0.008053392264991998,0.008266476821154356
0.008186382241547108,0.008266476821154356
0.007973138615489006,0.008266476821154356
0.00780763104557991,0.008266476821154356
0.007848526816815138,0.008266476821154356
0.007677624840289355,0.008266476821154356
0.007830623537302017,0.008266476821154356
0.00790060069411993,0.008266476821154356
0.007983107771724462,0.008266476821154356
0.008007418923079967,0.008266476821154356
0.007834033668041229,0.008266476821154356
0.008071239292621612,0.008266476821154356
0.007928666286170482,0.008266476821154356
0.007894087955355645,0.008266476821154356
0.007941284123808146,0.008266476821154356
0.00790780270472169,0.008266476821154356
0.007734109833836556,0.008266476821154356
0.007753224857151508,0.008266476821154356
0.007663083914667368,0.008266476821154356
0.00770981190726161,0.008266476821154356
0.007897564303129911,0.008266476821154356
0.007923005614429712,0.008266476821154356
0.008079448621720076,0.008266476821154356
0.0077816683799028395,0.008266476821154356
0.007734784670174122,0.008266476821154356
0.00779968649148941,0.008266476821154356
0.007931527774780988,0.008266476821154356
0.008154254034161567,0.008266476821154356
0.00858156532049179,0.008266476821154356
0.008260695450007915,0.008266476821154356
0.00869853626936674,0.008266476821154356
0.00895128482952714,0.008266476821154356
0.008647551760077477,0.008266476821154356
0.00838945508003235,0.008266476821154356
0.008062260691076517,0.008266476821154356
0.007943980488926172,0.008266476821154356
0.008057862054556608,0.008266476821154356
0.008000429160892964,0.008266476821154356
0.007958604115992784,0.008266476821154356
0.008209101390093565,0.008266476821154356
0.00827965335920453,0.008266476821154356
0.007802865467965603,0.008266476821154356
0.007683901302516461,0.008266476821154356
0.007943204138427973,0.008266476821154356
0.007894172985106706,0.008266476821154356
0.007924859039485454,0.008266476821154356
0.007952759880572558,0.008266476821154356
0.00842797737568617,0.008266476821154356
0.008755231834948063,0.008266476821154356
0.009032812342047692,0.008266476821154356
0.008955766446888447,0.008266476821154356
0.008781937323510647,0.008266476821154356
0.008420229610055684,0.008266476821154356
0.008385304268449545,0.008266476821154356
0.008080311771482229,0.008266476821154356
0.008435327373445035,0.008266476821154356
0.007990829367190599,0.008266476821154356
0.007773757260292768,0.008266476821154356
0.008205092139542102,0.008266476821154356
0.00800142353400588,0.008266476821154356
0.007790035475045443,0.008266476821154356
0.007995600905269384,0.008266476821154356
0.007933944091200828,0.008266476821154356
0.008233031164854765,0.008266476821154356
0.008147378638386726,0.008266476821154356
0.0079522212035954,0.008266476821154356
0.0082523662596941,0.008266476821154356
0.008356721233576536,0.008266476821154356
0.008316020388156176,0.008266476821154356
0.008584951236844062,0.008266476821154356
0.00870590005069971,0.008266476821154356
0.008720162697136402,0.008266476821154356
0.008156673237681388,0.008266476821154356
0.008012400940060616,0.008266476821154356
0.007860590144991875,0.008266476821154356
0.007869612332433462,0.008266476821154356
0.007884887792170048,0.008266476821154356
0.008030805084854365,0.008266476821154356
0.00822973856702447,0.008266476821154356
0.007885734643787145,0.008266476821154356
0.00789333377033472,0.008266476821154356
0.007640590518712997,0.008266476821154356
0.007764778006821871,0.008266476821154356
0.007815215270966291,0.008266476821154356
0.007808049768209457,0.008266476821154356
0.007733848318457604,0.008266476821154356
0.008050608821213246,0.008266476821154356
0.007865757029503585,0.008266476821154356
0.008137715142220258,0.008266476821154356
0.008181373588740826,0.008266476821154356
0.008454145770519972,0.008266476821154356
0.008593176677823066,0.008266476821154356
0.00858553946018219,0.008266476821154356
0.00886764544993639,0.008266476821154356
0.008905794750899077,0.008266476821154356
0.00842672623693943,0.008266476821154356
0.007975446619093418,0.008266476821154356
0.007957922853529453,0.008266476821154356
0.00772415092214942,0.008266476821154356
0.007748993765562773,0.008266476821154356
0.00799481375142932,0.008266476821154356
0.007770927716046571,0.008266476821154356
0.007872705534100532,0.008266476821154356
0.007723150122910738,0.008266476821154356
0.007735078874975443,0.008266476821154356
0.007775598298758268,0.008266476821154356
0.007688772585242987,0.008266476821154356
0.007661555707454681,0.008266476821154356
0.007709118910133839,0.008266476821154356
0.00770443668588996,0.008266476821154356
0.007734444364905358,0.008266476821154356
0.007696932647377253,0.008266476821154356
0.0077134926803410055,0.008266476821154356
0.007785680238157511,0.008266476821154356
0.007670693937689066,0.008266476821154356
0.007669380307197571,0.008266476821154356
0.007845705654472113,0.008266476821154356
0.007772457133978605,0.008266476821154356
0.007803800236433745,0.008266476821154356
0.007739252038300037,0.008266476821154356
0.007676272559911013,0.008266476821154356
0.007750833593308926,0.008266476821154356
0.007765920553356409,0.008266476821154356
0.007851477712392807,0.008266476821154356
0.007698878832161427,0.008266476821154356
0.007702255062758923,0.008266476821154356
0.007916331849992275,0.008266476821154356
0.007676452118903399,0.008266476821154356
0.007856390625238418,0.008266476821154356
0.008008657582104206,0.008266476821154356
0.008068181574344635,0.008266476821154356
0.007989752013236285,0.008266476821154356
0.007797304168343544,0.008266476821154356
0.007741284184157848,0.008266476821154356
0.007849008403718471,0.008266476821154356
0.007647050637751817,0.008266476821154356
0.007672745734453201,0.008266476821154356
0.007670674286782741,0.008266476821154356
0.007793842442333698,0.008266476821154356
0.008084639813750983,0.008266476821154356
0.007797678001224995,0.008266476821154356
0.007855132501572371,0.008266476821154356
0.007950056064873933,0.008266476821154356
0.00796959800645709,0.008266476821154356
0.00784981120377779,0.008266476821154356
0.007951785065233707,0.008266476821154356
0.007926088012754916,0.008266476821154356
0.0077574092894792555,0.008266476821154356
0.007794103026390076,0.008266476821154356
0.00795678272843361,0.008266476821154356
0.0077228168025612835,0.008266476821154356
0.00773000493645668,0.008266476821154356
0.0077432641759514805,0.008266476821154356
0.007774442341178656,0.008266476821154356
0.007665369845926762,0.008266476821154356
0.007657207828015089,0.008266476821154356
0.007688360847532749,0.008266476821154356
0.007699781563133001,0.008266476821154356
0.007711689546704292,0.008266476821154356
0.007734928838908672,0.008266476821154356
0.00787563929334283,0.008266476821154356
0.008045016787946224,0.008266476821154356
0.007882590405642986,0.008266476821154356
0.0077461195178329945,0.008266476821154356
0.00768500603735447,0.008266476821154356
0.0076870288699865345,0.008266476821154356
0.00767221711575985,0.008266476821154356
0.007764928974211216,0.008266476821154356
0.00782675389200449,0.008266476821154356
0.007742796186357736,0.008266476821154356
0.00779433324933052,0.008266476821154356
0.007727072667330503,0.008266476821154356
0.007817780505865813,0.008266476821154356
0.007867390383034944,0.008266476821154356
0.007866844162344932,0.008266476821154356
0.0078330272808671,0.008266476821154356
0.008081749267876148,0.008266476821154356
0.008249878510832786,0.008266476821154356
0.007876955345273018,0.008266476821154356
0.008553595189005137,0.008266476821154356
0.00860492531210184,0.008266476821154356
0.00790409855544567,0.008266476821154356
0.00791923962533474,0.008266476821154356
0.00760731790214777,0.008266476821154356
0.00819008257240057,0.008266476821154356
0.008302369341254234,0.008266476821154356
0.007772863656282425,0.008266476821154356
0.007804851979017258,0.008266476821154356
0.0076886206865310665,0.008266476821154356
0.008163988124579191,0.008266476821154356
0.008065022248774766,0.008266476821154356
0.008106733113527298,0.008266476821154356
0.007835752423852682,0.008266476821154356
0.008182931318879127,0.008266476821154356
0.008028869237750768,0.008266476821154356
0.008104465436190367,0.008266476821154356
0.007876199204474688,0.008266476821154356
0.007726330775767565,0.008266476821154356
0.007809390034526587,0.008266476821154356
0.007773766107857227,0.008266476821154356
0.007698007579892874,0.008266476821154356
0.008019217010587453,0.008266476821154356
0.00792522458359599,0.008266476821154356
0.008014593180269003,0.008266476821154356
0.007861492410302161,0.008266476821154356
0.007903681136667728,0.008266476821154356
0.007775843981653452,0.008266476821154356
0.007865720987319946,0.008266476821154356
0.007813465502113103,0.008266476821154356
0.0077139027416706085,0.008266476821154356
0.0076699616387486454,0.008266476821154356
0.007688049599528313,0.008266476821154356
0.007677730638533831,0.008266476821154356
0.007640791870653629,0.008266476821154356
0.007890863437205553,0.008266476821154356
0.008113444503396749,0.008266476821154356
0.00804505506530404,0.008266476821154356
0.007940769847482442,0.008266476821154356
0.007652837969362736,0.008266476821154356
0.007731363736093044,0.008266476821154356
0.00783339822664857,0.008266476821154356
0.008130552712827921,0.008266476821154356
0.008370210509747266,0.008266476821154356
0.008403772674500942,0.008266476821154356
0.007959096971899272,0.008266476821154356
0.007873873971402646,0.008266476821154356
0.007677792850881815,0.008266476821154356
0.007805446907877922,0.008266476821154356
0.00828364547342062,0.008266476821154356
0.007739266660064459,0.008266476821154356
0.007858662120997905,0.008266476821154356
0.007851812429726124,0.008266476821154356
0.008021500427275896,0.008266476821154356
0.008356009796261787,0.008266476821154356
0.008023269567638635,0.008266476821154356
0.008133181929588318,0.008266476821154356
0.0076680522412061695,0.008266476821154356
0.007891018316149712,0.008266476821154356
0.008062665350735188,0.008266476821154356
0.007793845795094967,0.008266476821154356
0.0077096007764339445,0.008266476821154356
0.007799779251217842,0.008266476821154356
0.007706002797931433,0.008266476821154356
0.007738339342176914,0.008266476821154356
0.007703362405300141,0.008266476821154356
0.007820822671055794,0.008266476821154356
0.007809759583324194,0.008266476821154356
0.007807195838540793,0.008266476821154356
0.007816456351429224,0.008266476821154356
0.007776118442416191,0.008266476821154356
0.007697810884565115,0.008266476821154356
0.007745107915252447,0.008266476821154356
0.00783584089949727,0.008266476821154356
0.007804141566157341,0.008266476821154356
0.00799181517213583,0.008266476821154356
0.0078772590495646,0.008266476821154356
0.007857362087816,0.008266476821154356
0.007830495573580265,0.008266476821154356
0.007692493684589863,0.008266476821154356
0.007690499536693096,0.008266476821154356
0.007700469251722098,0.008266476821154356
0.007675012201070785,0.008266476821154356
0.007712220400571823,0.008266476821154356
0.007718371693044901,0.008266476821154356
0.0077333128079772,0.008266476821154356
0.007743493933230638,0.008266476821154356
0.007699355389922858,0.008266476821154356
0.0077105631120502945,0.008266476821154356
0.007651142217218876,0.008266476821154356
0.007899101916700601,0.008266476821154356
0.0078435936011374,0.008266476821154356
0.008203236944973468,0.008266476821154356
0.008054567314684392,0.008266476821154356
0.008101600874215364,0.008266476821154356
0.008094548806548118,0.008266476821154356
0.007818319741636515,0.008266476821154356
0.007957376446574927,0.008266476821154356
0.007839566469192505,0.008266476821154356
0.0077955065295100216,0.008266476821154356
0.00800916850566864,0.008266476821154356
0.007856519706547261,0.008266476821154356
0.007675140164792538,0.008266476821154356
0.007754451874643564,0.008266476821154356
0.007762711867690087,0.008266476821154356
0.007830315455794334,0.008266476821154356
0.007990895304828882,0.008266476821154356
0.008554342016577721,0.008266476821154356
0.008080067858099938,0.008266476821154356
0.007896771281957626,0.008266476821154356
0.0080855343490839,0.008266476821154356
0.008142853900790215,0.008266476821154356
0.00790016893297434,0.008266476821154356
0.008139455690979958,0.008266476821154356
0.0077077909372746944,0.008266476821154356
0.007645572442561388,0.008266476821154356
0.007635864429175854,0.008266476821154356
0.007729928195476532,0.008266476821154356
0.007705724705010653,0.008266476821154356
0.007996363006532193,0.008266476821154356
0.00792790362611413,0.008266476821154356
0.007864251546561719,0.008266476821154356
0.007787897903472185,0.008266476821154356
0.0076494294218719,0.008266476821154356
0.00761156165972352,0.008266476821154356
0.007697337307035923,0.008266476821154356
0.007775112427771092,0.008266476821154356
0.007904038671404124,0.008266476821154356
0.007835166621953249,0.008266476821154356
0.007842943165451288,0.008266476821154356
0.00792585825547576,0.008266476821154356
0.008016511518508195,0.008266476821154356
0.008185187075287103,0.008266476821154356
0.007730348594486713,0.008266476821154356
0.007673376519232988,0.008266476821154356
0.007720861956477166,0.008266476821154356
0.00778413712978363,0.008266476821154356
0.007747903838753701,0.008266476821154356
0.007858953438699245,0.008266476821154356
0.0079902202822268,0.008266476821154356
0.007829327415674926,0.008266476821154356
0.0077073552645742895,0.008266476821154356
0.007645379938185215,0.008266476821154356
0.007672674488276243,0.008266476821154356
0.007692032027989626,0.008266476821154356
0.0077920032665133475,0.008266476821154356
0.008135190233588219,0.008266476821154356
0.007952882908284664,0.008266476821154356
0.007818432804197074,0.008266476821154356
0.007960827555507421,0.008266476821154356
0.008032080251723528,0.008266476821154356
0.008034405019134282,0.008266476821154356
0.007995523791760207,0.008266476821154356
0.00793461622670293,0.008266476821154356
0.007961277291178704,0.008266476821154356
0.00780088072642684,0.008266476821154356
0.007652927003800869,0.008266476821154356
0.007636250276118517,0.008266476821154356
0.0077783030457794665,0.008266476821154356
0.007600406277924776,0.008266476821154356
0.0076988511718809605,0.008266476821154356
0.007701216638088227,0.008266476821154356
0.007712543476372957,0.008266476821154356
0.007655152305960655,0.008266476821154356
0.007676672469824552,0.008266476821154356
0.00786904776468873,0.008266476821154356
0.007717731595039368,0.008266476821154356
0.00770027944818139,0.008266476821154356
0.007701991591602564,0.008266476821154356
0.00778541574254632,0.008266476821154356
0.00779844056814909,0.008266476821154356
0.007794670853763818,0.008266476821154356
0.007864742167294025,0.008266476821154356
0.0079468147829175,0.008266476821154356
0.007704385276883841,0.008266476821154356
0.007647707313299179,0.008266476821154356
0.007717163302004337,0.008266476821154356
0.007880618050694465,0.008266476821154356
0.00797256175428629,0.008266476821154356
0.007829916942864657,0.008266476821154356
0.008221453055739403,0.008266476821154356
0.007791519351303578,0.008266476821154356
0.007919463701546193,0.008266476821154356
0.00805307412520051,0.008266476821154356
0.007824271079152822,0.008266476821154356
0.007795034814625979,0.008266476821154356
0.00770994983613491,0.008266476821154356
0.0077908049337565895,0.008266476821154356
0.007677987217903137,0.008266476821154356
0.0075942746363580225,0.008266476821154356
0.007718481775373221,0.008266476821154356
0.007788033876568079,0.008266476821154356
0.007786825019866228,0.008266476821154356
0.00769662344828248,0.008266476821154356
0.007768473029136658,0.008266476821154356
0.007675721868872642,0.008266476821154356
0.007665206771343946,0.008266476821154356
0.00774172144010663,0.008266476821154356
0.007681205868721008,0.008266476821154356
0.007834188267588615,0.008266476821154356
0.007864762470126152,0.008266476821154356
0.008007375244051217,0.008266476821154356
0.008005841448903084,0.008266476821154356
0.007844858523458242,0.008266476821154356
0.007677182089537382,0.008266476821154356
0.007690996117889881,0.008266476821154356
0.007698930986225605,0.008266476821154356
0.0077380695380270485,0.008266476821154356
0.007793788146227598,0.008266476821154356
0.007798870000988245,0.008266476821154356
0.008053576387465,0.008266476821154356
0.00796324610710144,0.008266476821154356
0.007805015239864588,0.008266476821154356
0.00781554812565446,0.008266476821154356
0.007590072881430388,0.008266476821154356
0.007863632030785083,0.008266476821154356
0.007830239925533533,0.008266476821154356
0.007760369870811701,0.008266476821154356
0.007783992122858763,0.008266476821154356
0.007854592241346835,0.008266476821154356
0.008122339006513357,0.008266476821154356
0.00798130389302969,0.008266476821154356
0.008114775829017162,0.008266476821154356
0.007826818432658911,0.008266476821154356
0.007796017173677683,0.008266476821154356
0.0077350296080112456,0.008266476821154356
0.007685710303485393,0.008266476821154356
0.007844618801027537,0.008266476821154356
0.007981270737946033,0.008266476821154356
0.008071467466652393,0.008266476821154356
0.008076689019799233,0.008266476821154356
0.007909686211496592,0.008266476821154356
0.007768258173018694,0.008266476821154356
0.00807800255715847,0.008266476821154356
0.008057242073118687,0.008266476821154356
0.007687405403703451,0.008266476821154356
0.0077353913336992266,0.008266476821154356
0.007766170147806406,0.008266476821154356
0.007651320192962885,0.008266476821154356
0.007693873532116413,0.008266476821154356
0.007752379402518272,0.008266476821154356
0.00774200027808547,0.008266476821154356
0.0076971836388111115,0.008266476821154356
0.007649802789092064,0.008266476821154356
0.00761529179289937,0.008266476821154356
0.007616411428898573,0.008266476821154356
0.007639557868242264,0.008266476821154356
0.00763773787766695,0.008266476821154356
0.0077053881250321865,0.008266476821154356
0.007769229635596275,0.008266476821154356
0.007739291712641716,0.008266476821154356
0.007682998944073915,0.008266476821154356
0.007646429445594549,0.008266476821154356
0.007955298479646444,0.008266476821154356
0.007872021198272705,0.008266476821154356
0.007904065866023302,0.008266476821154356
0.0078031904064118866,0.008266476821154356
0.007922485005110502,0.008266476821154356
0.007748459093272686,0.008266476821154356
0.008134777005761862,0.008266476821154356
0.00797251369804144,0.008266476821154356
0.007738006580621004,0.008266476821154356
0.007607208471745253,0.008266476821154356
0.00761856297031045,0.008266476821154356
0.0076755954883992675,0.008266476821154356
0.007857830543071032,0.008266476821154356
0.007869438827037811,0.008266476821154356
0.00804963419213891,0.008266476821154356
0.007748767454177141,0.008266476821154356
0.0078966717235744,0.008266476821154356
0.00767114395275712,0.008266476821154356
0.007903908658772708,0.008266476821154356
0.00786185497418046,0.008266476821154356
0.007813443429768085,0.008266476821154356
0.007756889890879392,0.008266476821154356
0.007757730595767498,0.008266476821154356
0.007845171075314284,0.008266476821154356
0.007625610288232565,0.008266476821154356
0.007578487135469913,0.008266476821154356
0.007680653501302004,0.008266476821154356
0.007606520690023899,0.008266476821154356
0.007788306474685669,0.008266476821154356
0.007740368135273457,0.008266476821154356
0.007710441760718822,0.008266476821154356
0.007597279269248247,0.008266476821154356
0.007609587255865335,0.008266476821154356
0.007587675470858812,0.008266476821154356
0.0076657038182020186,0.008266476821154356
0.007653618324548006,0.008266476821154356
0.007672253809869289,0.008266476821154356
0.007643604278564453,0.008266476821154356
0.007675219886004924,0.008266476821154356
0.007628509216010571,0.008266476821154356
0.00764494501054287,0.008266476821154356
0.0076508370228111746,0.008266476821154356
0.007749378401786089,0.008266476821154356
0.00774236973375082,0.008266476821154356
0.007571334671229124,0.008266476821154356
0.007653022557497025,0.008266476821154356
0.007790345419198275,0.008266476821154356
0.007799023389816284,0.008266476821154356
0.00765103455632925,0.008266476821154356
0.007629936188459396,0.008266476821154356
0.0076333189383149145,0.008266476821154356
0.0076838315464556215,0.008266476821154356
0.007700859569013119,0.008266476821154356
0.007855871040374041,0.008266476821154356
0.00761812711134553,0.008266476821154356
0.007697701454162598,0.008266476821154356
0.007614499144256115,0.008266476821154356
0.007678398489952087,0.008266476821154356
0.007856791187077761,0.008266476821154356
0.007779483683407307,0.008266476821154356
0.00779630932956934,0.008266476821154356
0.007892833929508925,0.008266476821154356
0.007628630194813013,0.008266476821154356
0.007665403839200735,0.008266476821154356
0.007692636083811521,0.008266476821154356
0.007691795751452446,0.008266476821154356
0.00778377391397953,0.008266476821154356
0.007712742779403925,0.008266476821154356
0.007683625537902116,0.008266476821154356
0.007587715238332749,0.008266476821154356
0.00767650743946433,0.008266476821154356
0.0078006918542087075,0.008266476821154356
0.0082290462218225,0.008266476821154356
0.008037059754133224,0.008266476821154356
0.008044120389968157,0.008266476821154356
0.007997299358248711,0.008266476821154356
0.007684024795889854,0.008266476821154356
0.007671069353818893,0.008266476821154356
0.007652621809393167,0.008266476821154356
0.007707718759775162,0.008266476821154356
0.007629555277526378,0.008266476821154356
0.007626164611428976,0.008266476821154356
0.0076348654925823215,0.008266476821154356
0.007615396659821272,0.008266476821154356
0.007652075588703155,0.008266476821154356
0.007633948046714067,0.008266476821154356
0.007602973375469446,0.008266476821154356
0.00759167093783617,0.008266476821154356
0.007610787358134985,0.008266476821154356
0.007634734269231558,0.008266476821154356
0.007734586857259274,0.008266476821154356
0.007697687484323978,0.008266476821154356
0.007720074616372585,0.008266476821154356
0.007806133013218641,0.008266476821154356
0.00772237004712224,0.008266476821154356
0.007918811775743962,0.008266476821154356
0.007906984258443116,0.008266476821154356
0.007700566574931145,0.008266476821154356
0.007658624183386564,0.008266476821154356
0.00773804634809494,0.008266476821154356
0.007612080313265324,0.008266476821154356
0.007686674967408181,0.008266476821154356
0.007576309144496918,0.008266476821154356
0.007647137250751257,0.008266476821154356
0.007687850203365087,0.008266476821154356
0.00768370721489191,0.008266476821154356
0.007642458099871874,0.008266476821154356
0.007712413277477026,0.008266476821154356
0.00786302713677287,0.008266476821154356
0.007618761155754328,0.008266476821154356
0.007740864809602499,0.008266476821154356
0.00762619012966752,0.008266476821154356
0.007819981407374143,0.008266476821154356
0.0076359337195754055,0.008266476821154356
0.007565740402787924,0.008266476821154356
0.007569483760744333,0.008266476821154356
0.007710866630077362,0.008266476821154356
0.00819721557199955,0.008266476821154356
0.008072016015648841,0.008266476821154356
0.008059915900230408,0.008266476821154356
0.007754154689610005,0.008266476821154356
0.007678894605487585,0.008266476821154356
0.007684462703764439,0.008266476821154356
0.007748727034777403,0.008266476821154356
0.007616516016423702,0.008266476821154356
0.007741420902311802,0.008266476821154356
0.008007499296218157,0.008266476821154356
0.007991501782089471,0.008266476821154356
0.007625629287213087,0.008266476821154356
0.007769312057644129,0.008266476821154356
0.0076473702676594256,0.008266476821154356
0.007624315842986107,0.008266476821154356
0.007605840545147657,0.008266476821154356
0.0077214140444993975,0.008266476821154356
0.007772840466350317,0.008266476821154356
0.007724359724670648,0.008266476821154356
0.007645019982010126,0.008266476821154356
0.0076401660218834875,0.008266476821154356
0.007759939786046744,0.008266476821154356
0.007901215460151434,0.008266476821154356
0.007762532122433186,0.008266476821154356
0.007809355948120355,0.008266476821154356
0.008112797513604164,0.008266476821154356
0.008103555347770453,0.008266476821154356
0.00822459701448679,0.008266476821154356
0.008040200918912888,0.008266476821154356
0.00791082512587309,0.008266476821154356
0.007819311134517193,0.008266476821154356
0.007732468470931053,0.008266476821154356
0.007587986346334219,0.008266476821154356
0.007604620978236198,0.008266476821154356
0.007615203969180584,0.008266476821154356
0.007583992090076208,0.008266476821154356
0.00755482716485858,0.008266476821154356
0.007639303989708424,0.008266476821154356
0.007596692536026239,0.008266476821154356
0.007651097886264324,0.008266476821154356
0.007829231582581997,0.008266476821154356
0.0077712032943964005,0.008266476821154356
0.007708023581653833,0.008266476821154356
0.007625401299446821,0.008266476821154356
0.007716338150203228,0.008266476821154356
0.007753946911543607,0.008266476821154356
0.007789964322000742,0.008266476821154356
0.007844834681600332,0.008266476821154356
0.007693970948457718,0.008266476821154356
0.007609987910836935,0.008266476821154356
0.007597393449395895,0.008266476821154356
0.007629467360675335,0.008266476821154356
0.007606984209269285,0.008266476821154356
0.0075892645865678785,0.008266476821154356
0.00761776864528656,0.008266476821154356
0.00766267329454422,0.008266476821154356
0.007620925176888704,0.008266476821154356
0.007610343769192696,0.008266476821154356
0.007705838233232498,0.008266476821154356
0.007734225410968065,0.008266476821154356
0.007775232382118702,0.008266476821154356
0.00787149854004383,0.008266476821154356
0.00771386744454503,0.008266476821154356
0.00758505929261446,0.008266476821154356
0.007676702737808227,0.008266476821154356
0.007821214199066163,0.008266476821154356
0.007590607367455959,0.008266476821154356
0.007733998727053404,0.008266476821154356
0.00756498696282506,0.008266476821154356
0.007629588153213263,0.008266476821154356
0.007746778987348079,0.008266476821154356
0.007643142063170671,0.008266476821154356
0.007650105748325586,0.008266476821154356
0.007525190245360136,0.008266476821154356
0.007641867734491825,0.008266476821154356
0.0077223537489771845,0.008266476821154356
0.007628512661904096,0.008266476821154356
0.007683571614325047,0.008266476821154356
0.0076533139683306215,0.008266476821154356
0.0075875440612435344,0.008266476821154356
0.007722272723913193,0.008266476821154356
0.007760837581008673,0.008266476821154356
0.007677861861884594,0.008266476821154356
0.007963716238737106,0.008266476821154356
0.007729402743279934,0.008266476821154356
0.00773627357557416,0.008266476821154356
0.007619198597967625,0.008266476821154356
0.0075624118559062484,0.008266476821154356
0.007571505662053823,0.008266476821154356
0.00757657615467906,0.008266476821154356
0.007561676856130362,0.008266476821154356
0.007566174492239952,0.008266476821154356
0.007583728153258562,0.008266476821154356
0.007595251966267824,0.008266476821154356
0.007560984510928392,0.008266476821154356
0.00769079253077507,0.008266476821154356
0.007729705329984427,0.008266476821154356
0.007981859799474477,0.008266476821154356
0.008003469463437796,0.008266476821154356
0.007682303711771965,0.008266476821154356
0.007718327827751637,0.008266476821154356
0.007658128440380096,0.008266476821154356
0.007677921745926142,0.008266476821154356
0.007654765900224447,0.008266476821154356
0.007639416586607694,0.008266476821154356
0.007621901482343674,0.008266476821154356
0.007576514780521393,0.008266476821154356
0.007572633866220713,0.008266476821154356
0.007832438219338655,0.008266476821154356
0.007864585611969233,0.008266476821154356
0.00771847739815712,0.008266476821154356
0.007639004476368427,0.008266476821154356
0.007817669119685889,0.008266476821154356
0.0076087293215096,0.008266476821154356
0.007513330411165952,0.008266476821154356
0.00761595768854022,0.008266476821154356
0.007608513347804546,0.008266476821154356
0.007580087799578905,0.008266476821154356
0.007544121611863375,0.008266476821154356
0.007537137996405363,0.008266476821154356
0.007573197223246097,0.008266476821154356
0.007564798370003701,0.008266476821154356
0.007566169183701277,0.008266476821154356
0.0075767931528389456,0.008266476821154356
0.007540096249431372,0.008266476821154356
0.007567663304507732,0.008266476821154356
0.0075228017754852775,0.008266476821154356
0.0076492784544825556,0.008266476821154356
0.007679280545562506,0.008266476821154356
0.007652226556092501,0.008266476821154356
0.007647950667887926,0.008266476821154356
0.007866941671818495,0.008266476821154356
0.007738971710205078,0.008266476821154356
0.007579794991761446,0.008266476821154356
0.007584827393293381,0.008266476821154356
0.0075698657892644405,0.008266476821154356
0.007561721932142973,0.008266476821154356
0.007538408972322941,0.008266476821154356
0.007560384459793568,0.008266476821154356
0.007664645090699196,0.008266476821154356
0.007611260563135147,0.008266476821154356
0.007628987450152636,0.008266476821154356
0.0075998234562575815,0.008266476821154356
0.007615300640463829,0.008266476821154356
0.007700436469167471,0.008266476821154356
0.00766424871981144,0.008266476821154356
0.0075988414697349075,0.008266476821154356
0.007583477348089218,0.008266476821154356
0.007577046100050211,0.008266476821154356
0.007573065720498562,0.008266476821154356
0.007530517503619194,0.008266476821154356
0.007555590290576219,0.008266476821154356
0.007608171179890632,0.008266476821154356
0.007627213094383478,0.008266476821154356
0.007654751837253571,0.008266476821154356
0.0076017633080482485,0.008266476821154356
0.00761888949200511,0.008266476821154356
0.007631602603942156,0.008266476821154356
0.007579638622701168,0.008266476821154356
0.007639655750244856,0.008266476821154356
0.007608373556286097,0.008266476821154356
0.007659487333148718,0.008266476821154356
0.0076513256877660755,0.008266476821154356
0.007615634892135859,0.008266476821154356
0.0076714478433132175,0.008266476821154356
0.007646630518138409,0.008266476821154356
0.007599056884646416,0.008266476821154356
0.007553366664797068,0.008266476821154356
0.007660531997680664,0.008266476821154356
0.007609657291322946,0.008266476821154356
0.007634607423096895,0.008266476821154356
0.007650979794561863,0.008266476821154356
0.0075962615199387075,0.008266476821154356
0.007657895144075155,0.008266476821154356
0.007555932924151421,0.008266476821154356
0.0075749182142317295,0.008266476821154356
0.007566004525870085,0.008266476821154356
0.007546861562877894,0.008266476821154356
0.007619456108659506,0.008266476821154356
0.00758100301027298,0.008266476821154356
0.007579630799591541,0.008266476821154356
0.0075768294744193556,0.008266476821154356
0.00753007959574461,0.008266476821154356
0.007621240522712469,0.008266476821154356
0.007607272733002901,0.008266476821154356
0.0075467674061656,0.008266476821154356
0.007564565632492304,0.008266476821154356
0.007586980145424605,0.008266476821154356
0.007877890300005675,0.008266476821154356
0.007755429949611425,0.008266476821154356
0.007665247563272715,0.008266476821154356
0.007767187990248203,0.008266476821154356
0.0076332900673151015,0.008266476821154356
0.0075980725698173044,0.008266476821154356
0.007562931161373854,0.008266476821154356
0.00770626999437809,0.008266476821154356
0.007756771706044674,0.008266476821154356
0.007933563832193614,0.008266476821154356
0.007922877743840217,0.008266476821154356
0.007777356263250113,0.008266476821154356
0.0077418388798832895,0.008266476821154356
0.007658381108194589,0.008266476821154356
0.00759835597127676,0.008266476821154356
0.007588543090969324,0.008266476821154356
0.007626318000257015,0.008266476821154356
0.007878618780523539,0.008266476821154356
0.007647032476961612,0.008266476821154356
0.007646695617586375,0.008266476821154356
0.007635168731212616,0.008266476821154356
0.00757671631872654,0.008266476821154356
0.007530579436570406,0.008266476821154356
0.007549054734408855,0.008266476821154356
